357
0.708293 0.15161
0.715122 0.150634
0.721951 0.149659
0.728781 0.148683
0.73561 0.149659
0.743415 0.149659
0.749268 0.147707
0.755122 0.145756
0.761951 0.14478
0.76878 0.143805
0.772683 0.143805
0.776585 0.143805
0.78439 0.143805
0.792195 0.143805
0.799024 0.142829
0.806829 0.142829
0.813659 0.141854
0.819512 0.139902
0.826341 0.140878
0.832195 0.138927
0.84 0.138927
0.847805 0.138927
0.854634 0.137951
0.859512 0.135024
0.866341 0.134049
0.873171 0.133073
0.879024 0.131122
0.884878 0.129171
0.892683 0.129171
0.898537 0.12722
0.90439 0.125268
0.91122 0.124293
0.917073 0.122341
0.924878 0.122341
0.932683 0.122341
0.939512 0.121366
0.94439 0.12039
0.952195 0.12039
0.958049 0.118439
0.962927 0.115512
0.968781 0.113561
0.974634 0.11161
0.982439 0.11161
0.989268 0.110634
0.993171 0.106732
0.997073 0.102829
1.0 0.0979512
0.998049 0.0920976
0.993171 0.0891707
0.986341 0.0881951
0.978537 0.0881951
0.971707 0.0891707
0.964878 0.0901463
0.958049 0.0911219
0.950244 0.0911219
0.942439 0.0911219
0.93561 0.0920976
0.929756 0.0940488
0.921951 0.0940488
0.915122 0.0950244
0.91122 0.0950244
0.907317 0.0950244
0.899512 0.0950244
0.891707 0.0950244
0.884878 0.096
0.878049 0.0969756
0.87122 0.0979512
0.86439 0.0989268
0.857561 0.0999024
0.849756 0.0999024
0.842927 0.100878
0.835122 0.100878
0.827317 0.100878
0.819512 0.100878
0.811707 0.100878
0.803902 0.100878
0.8 0.100878
0.796098 0.100878
0.788293 0.100878
0.781463 0.0999024
0.77561 0.0979512
0.770732 0.0950244
0.764878 0.0930732
0.758049 0.0920976
0.75122 0.0911219
0.74439 0.0901463
0.736585 0.0901463
0.729756 0.0891707
0.723902 0.0872195
0.717073 0.0862439
0.710244 0.0852683
0.703415 0.0842927
0.696585 0.0833171
0.690732 0.0813658
0.683902 0.0803902
0.676098 0.0803902
0.673171 0.0755122
0.672195 0.0686829
0.67122 0.0618537
0.669268 0.056
0.667317 0.0501463
0.66439 0.0452683
0.661463 0.0403902
0.660488 0.033561
0.663415 0.0286829
0.661463 0.0228293
0.660488 0.016
0.656585 0.0120976
0.653659 0.00721951
0.64878 0.00429268
0.640976 0.00819512
0.636098 0.00526829
0.629268 0.00429268
0.623415 0.00819512
0.616585 0.00721951
0.612683 0.0111219
0.613659 0.016
0.613659 0.0199024
0.607805 0.0257561
0.601951 0.0238049
0.597073 0.020878
0.591219 0.020878
0.592195 0.0277073
0.595122 0.0325854
0.597073 0.038439
0.600976 0.0423415
0.605854 0.0452683
0.609756 0.0491707
0.612683 0.0540488
0.609756 0.0628293
0.601951 0.0628293
0.594146 0.0628293
0.586341 0.0628293
0.578537 0.0628293
0.570732 0.0628293
0.563902 0.0618537
0.556098 0.0618537
0.549268 0.060878
0.542439 0.0599024
0.53561 0.0589268
0.52878 0.0599024
0.521951 0.060878
0.514146 0.060878
0.507317 0.0618537
0.499512 0.0618537
0.491707 0.0618537
0.483902 0.0618537
0.476098 0.0618537
0.469268 0.060878
0.465366 0.060878
0.461463 0.060878
0.454634 0.0599024
0.447805 0.060878
0.443902 0.060878
0.44 0.060878
0.433171 0.0618537
0.426341 0.0628293
0.420488 0.060878
0.417561 0.056
0.41561 0.0501463
0.413659 0.0442927
0.410732 0.0394146
0.407805 0.0345366
0.40878 0.0277073
0.406829 0.0218537
0.402927 0.0179512
0.398049 0.0150244
0.396098 0.00917073
0.39122 0.0062439
0.38439 0.00721951
0.377561 0.0062439
0.372683 0.00917073
0.367805 0.0062439
0.361951 0.00429268
0.360976 0.00917073
0.361951 0.016
0.360976 0.0228293
0.355122 0.0247805
0.349268 0.0228293
0.342439 0.0238049
0.337561 0.020878
0.332683 0.0199024
0.330732 0.0257561
0.332683 0.0316098
0.33561 0.0364878
0.339512 0.0403902
0.34439 0.0433171
0.350244 0.0452683
0.35122 0.0520976
0.349268 0.0579512
0.342439 0.0589268
0.336585 0.060878
0.331707 0.0638049
0.323902 0.0638049
0.316098 0.0638049
0.309268 0.0628293
0.302439 0.0638049
0.29561 0.0647805
0.28878 0.0657561
0.281951 0.0667317
0.275122 0.0677073
0.268293 0.0686829
0.260488 0.0686829
0.253659 0.0677073
0.246829 0.0667317
0.24 0.0677073
0.233171 0.0686829
0.226341 0.0696585
0.221463 0.0725854
0.216585 0.0755122
0.209756 0.0764878
0.203902 0.078439
0.197073 0.0794146
0.190244 0.078439
0.183415 0.0774634
0.176585 0.0764878
0.16878 0.0764878
0.160976 0.0764878
0.157073 0.0764878
0.153171 0.0764878
0.145366 0.0764878
0.138537 0.0755122
0.131707 0.0745366
0.123902 0.0745366
0.12 0.0745366
0.116098 0.0745366
0.108293 0.0745366
0.101463 0.0755122
0.097561 0.0755122
0.0936585 0.0755122
0.0868293 0.0745366
0.0790244 0.0745366
0.0712195 0.0745366
0.0643902 0.0755122
0.0565854 0.0755122
0.0487805 0.0755122
0.0429268 0.0774634
0.0390244 0.0813658
0.04 0.0862439
0.0380488 0.0920976
0.035122 0.0969756
0.0341463 0.103805
0.0302439 0.107707
0.0282927 0.113561
0.0273171 0.12039
0.0243902 0.125268
0.0243902 0.131122
0.0273171 0.136
0.0321951 0.138927
0.0380488 0.140878
0.0439024 0.142829
0.0517073 0.142829
0.0585366 0.141854
0.0643902 0.141854
0.0702439 0.143805
0.0770732 0.14478
0.0829268 0.146732
0.0878049 0.149659
0.0936585 0.15161
0.100488 0.150634
0.107317 0.149659
0.114146 0.148683
0.120976 0.149659
0.125854 0.152585
0.131707 0.154537
0.138537 0.155512
0.146341 0.155512
0.154146 0.155512
0.159024 0.158439
0.164878 0.16039
0.172683 0.16039
0.176585 0.16039
0.180488 0.16039
0.187317 0.161366
0.192195 0.164293
0.196098 0.168195
0.200976 0.171122
0.207805 0.172098
0.214634 0.171122
0.220488 0.173073
0.227317 0.172098
0.233171 0.174049
0.239024 0.176
0.246829 0.176
0.252683 0.174049
0.258537 0.172098
0.263415 0.169171
0.269268 0.16722
0.277073 0.16722
0.282927 0.169171
0.289756 0.170146
0.297561 0.170146
0.303415 0.172098
0.310244 0.173073
0.317073 0.174049
0.322927 0.174049
0.329756 0.175024
0.33561 0.175024
0.341463 0.173073
0.348293 0.174049
0.355122 0.175024
0.362927 0.175024
0.369756 0.174049
0.376585 0.173073
0.38439 0.173073
0.390244 0.175024
0.398049 0.175024
0.405854 0.175024
0.411707 0.173073
0.418537 0.172098
0.425366 0.173073
0.43122 0.171122
0.436098 0.168195
0.441951 0.166244
0.44878 0.16722
0.45561 0.168195
0.462439 0.169171
0.470244 0.169171
0.477073 0.168195
0.483902 0.16722
0.489756 0.165268
0.496585 0.164293
0.50439 0.164293
0.508293 0.164293
0.512195 0.164293
0.52 0.164293
0.527805 0.164293
0.533659 0.162341
0.540488 0.161366
0.54439 0.161366
0.548293 0.161366
0.556098 0.161366
0.563902 0.161366
0.569756 0.159415
0.57561 0.157463
0.579512 0.157463
0.583415 0.157463
0.590244 0.158439
0.598049 0.158439
0.603902 0.16039
0.610732 0.161366
0.618537 0.161366
0.625366 0.162341
0.630244 0.165268
0.635122 0.166244
0.639024 0.162341
0.644878 0.16039
0.650732 0.158439
0.65561 0.155512
0.661463 0.153561
0.669268 0.153561
0.674146 0.156488
0.680976 0.155512
0.68878 0.155512
0.69561 0.154537
0.701463 0.152585
0.708293 0.15161