646
0.835242 0.78463
0.835447 0.781865
0.835399 0.7791
0.834894 0.776336
0.834047 0.773571
0.83258 0.770806
0.825314 0.756983
0.823727 0.754218
0.822199 0.751453
0.820277 0.748689
0.818991 0.746881
0.816273 0.743159
0.814205 0.740395
0.812043 0.73763
0.810697 0.736175
0.809318 0.734865
0.807932 0.733685
0.805167 0.731536
0.802338 0.729336
0.798953 0.726571
0.788579 0.716786
0.787381 0.715512
0.785815 0.714044
0.784298 0.712748
0.78305 0.711661
0.780285 0.70972
0.772448 0.704453
0.768996 0.701689
0.766462 0.700208
0.759029 0.696159
0.758168 0.695646
0.755403 0.6943
0.753021 0.693395
0.749874 0.692643
0.747109 0.692195
0.739462 0.69063
0.708403 0.675621
0.706617 0.674042
0.700109 0.670007
0.697344 0.669004
0.69458 0.668695
0.686286 0.667357
0.683521 0.666951
0.666933 0.66384
0.664168 0.663199
0.650345 0.661141
0.64758 0.660691
0.644815 0.660484
0.642051 0.660409
0.632257 0.660218
0.628227 0.659929
0.578463 0.633021
0.552984 0.571748
0.553361 0.568983
0.553545 0.566219
0.55346 0.563454
0.553308 0.560689
0.553165 0.557925
0.564639 0.515431
0.565667 0.513689
0.566985 0.510925
0.595051 0.482069
0.597815 0.48048
0.60058 0.478226
0.604303 0.474984
0.607064 0.472219
0.609732 0.469454
0.618227 0.46116
0.619933 0.459758
0.621311 0.458396
0.622698 0.456746
0.623638 0.455631
0.625926 0.452866
0.628227 0.449236
0.62931 0.447337
0.636521 0.433627
0.638424 0.430749
0.639749 0.427984
0.64102 0.425219
0.642051 0.42289
0.643213 0.41969
0.645316 0.41416
0.64626 0.411396
0.649999 0.397572
0.650857 0.394807
0.651468 0.392043
0.653109 0.385348
0.653544 0.383749
0.654088 0.380984
0.654351 0.378219
0.656598 0.364396
0.657007 0.361631
0.657164 0.358866
0.657298 0.356102
0.657341 0.353337
0.656986 0.339514
0.657132 0.336749
0.656879 0.333984
0.656512 0.331219
0.655874 0.328455
0.655006 0.32569
0.650892 0.289749
0.651276 0.286984
0.651617 0.28422
0.651671 0.281455
0.651386 0.27869
0.650792 0.273161
0.650345 0.270238
0.650583 0.234455
0.650979 0.23169
0.650315 0.228926
0.645298 0.209573
0.644188 0.198514
0.643961 0.195749
0.642987 0.187455
0.642664 0.184691
0.639745 0.168102
0.639165 0.165338
0.634595 0.151514
0.633756 0.147704
0.650797 0.0768675
0.675227 0.0594289
0.67796 0.0575146
0.680756 0.0554553
0.684253 0.0519852
0.686286 0.0493678
0.688361 0.0464558
0.68905 0.0449876
0.690573 0.0409264
0.691815 0.0380223
0.693138 0.0352835
0.694146 0.0327593
0.695101 0.030465
0.693964 0.0283788
0.691331 0.0271307
0.688913 0.0265715
0.686285 0.0264951
0.664168 0.025079
0.661403 0.0243902
0.64758 0.0262125
0.644815 0.026319
0.642051 0.0263821
0.639286 0.0264593
0.636521 0.0267345
0.628227 0.0274257
0.625462 0.0274842
0.622698 0.0276245
0.619933 0.027897
0.614404 0.0283064
0.611639 0.0283606
0.608874 0.0284963
0.606109 0.0286355
0.603345 0.028735
0.60058 0.0288288
0.597815 0.0288982
0.595051 0.0289097
0.592286 0.0288841
0.589521 0.0288766
0.586757 0.028858
0.583992 0.0288222
0.578463 0.0285248
0.575698 0.0284826
0.572933 0.0284578
0.570168 0.0284939
0.567404 0.0284405
0.561874 0.0287832
0.55911 0.0288396
0.556345 0.0289034
0.55358 0.0289634
0.550816 0.0289445
0.548051 0.0289659
0.545286 0.0289813
0.542521 0.0289882
0.539757 0.0291124
0.536992 0.029225
0.534227 0.0293776
0.531463 0.0294703
0.525933 0.0300185
0.523169 0.030131
0.520404 0.0303681
0.517639 0.0307875
0.514874 0.0320683
0.514048 0.0326324
0.51211 0.0348325
0.511627 0.035397
0.510829 0.0381617
0.510335 0.0409264
0.509618 0.0492205
0.50935 0.0519852
0.509713 0.0547499
0.512897 0.0658087
0.513665 0.0685734
0.516875 0.0796322
0.519662 0.118338
0.519076 0.121103
0.516698 0.134926
0.516018 0.137691
0.515634 0.140455
0.513295 0.151514
0.512681 0.154279
0.512299 0.157044
0.510769 0.168102
0.510231 0.170867
0.509345 0.176397
0.508194 0.181926
0.507494 0.184691
0.507072 0.187455
0.506251 0.195749
0.505884 0.198514
0.505819 0.201279
0.505968 0.204043
0.506678 0.209573
0.507216 0.212338
0.507997 0.215102
0.51169 0.223396
0.403643 0.298043
0.401522 0.29588
0.398757 0.294629
0.395993 0.294273
0.39314 0.295278
0.296952 0.223396
0.297264 0.220632
0.297497 0.217867
0.297507 0.215102
0.297901 0.201279
0.297465 0.198514
0.296351 0.187455
0.29603 0.184691
0.295389 0.181926
0.294594 0.179161
0.292016 0.168102
0.291522 0.165338
0.290934 0.163283
0.288648 0.151514
0.288169 0.14833
0.286122 0.137691
0.285677 0.134926
0.283495 0.121103
0.282134 0.115573
0.280748 0.0658087
0.281508 0.063044
0.285405 0.0466586
0.285471 0.0464558
0.286285 0.0436911
0.28622 0.0409264
0.284659 0.0381617
0.282144 0.035397
0.279875 0.0331972
0.279146 0.0326324
0.277111 0.0311872
0.274346 0.0297946
0.271581 0.0287131
0.268817 0.0280682
0.266052 0.0275718
0.263287 0.0273656
0.260522 0.0272632
0.257758 0.0273123
0.252228 0.027546
0.249464 0.0275943
0.246699 0.0277104
0.243934 0.0278928
0.24117 0.0281142
0.238405 0.0282756
0.224581 0.0277015
0.221817 0.0273227
0.219052 0.026857
0.216287 0.0267997
0.207993 0.0272455
0.205229 0.0272362
0.202464 0.0273228
0.199699 0.0274096
0.196934 0.0275959
0.18864 0.0275219
0.185876 0.0273384
0.183111 0.0272702
0.180346 0.0272228
0.177582 0.0271448
0.174817 0.027103
0.172052 0.0271699
0.169288 0.0273511
0.155464 0.0275002
0.152699 0.0273719
0.149935 0.0278235
0.136111 0.028597
0.133346 0.0284443
0.130582 0.0283564
0.127817 0.0282433
0.125052 0.0281762
0.119523 0.0280048
0.116758 0.0277818
0.10017 0.027103
0.0974055 0.0271846
0.0946407 0.0280902
0.0725231 0.032738
0.0697585 0.0346489
0.0697585 0.035397
0.0697585 0.0354235
0.0697585 0.0381617
0.0705498 0.0409264
0.0714832 0.0436911
0.0726435 0.0464558
0.0742428 0.0492205
0.0752879 0.0508534
0.0780526 0.0532296
0.0798292 0.0547499
0.0839763 0.0575146
0.0863467 0.0587922
0.0891114 0.0601763
0.091876 0.0615021
0.0946407 0.0626283
0.0955826 0.063044
0.0974055 0.0638166
0.113896 0.0741028
0.116758 0.0762154
0.125052 0.0823692
0.127817 0.0835569
0.165059 0.165338
0.164565 0.168102
0.159563 0.187455
0.159039 0.19022
0.158979 0.192985
0.159223 0.209573
0.155464 0.226608
0.154994 0.228926
0.154129 0.239985
0.153641 0.242749
0.153455 0.245514
0.153411 0.256573
0.153246 0.262102
0.153379 0.264867
0.154245 0.275926
0.154298 0.27869
0.156101 0.298043
0.155912 0.300808
0.156049 0.303573
0.156201 0.306337
0.156382 0.309102
0.157095 0.314631
0.157616 0.317396
0.158229 0.320486
0.160007 0.328455
0.160993 0.331701
0.165415 0.353337
0.165779 0.356102
0.166557 0.367161
0.166709 0.369925
0.167039 0.37269
0.167518 0.375455
0.168216 0.378219
0.169081 0.380984
0.173974 0.397572
0.174817 0.400132
0.176 0.403102
0.177473 0.405866
0.181796 0.41416
0.182928 0.416925
0.183111 0.41738
0.184264 0.41969
0.185654 0.422454
0.187019 0.425219
0.18864 0.428106
0.190394 0.430749
0.192172 0.433513
0.196934 0.441807
0.198209 0.444572
0.199699 0.44741
0.201125 0.450101
0.202464 0.452352
0.202823 0.452866
0.20465 0.455631
0.206672 0.458396
0.207993 0.46006
0.208957 0.46116
0.210758 0.463076
0.221572 0.474984
0.221817 0.475291
0.224666 0.477748
0.227346 0.47949
0.229048 0.480513
0.230111 0.481141
0.232876 0.482644
0.234493 0.483278
0.260522 0.502042
0.26339 0.505395
0.266052 0.508135
0.268817 0.51065
0.286829 0.538572
0.295269 0.580042
0.284534 0.615983
0.279875 0.622378
0.27836 0.624277
0.27672 0.627042
0.273076 0.632571
0.271008 0.635336
0.257453 0.64916
0.219052 0.66807
0.207993 0.66886
0.205229 0.668904
0.202464 0.669461
0.199699 0.670364
0.18864 0.673512
0.185876 0.674498
0.183111 0.675843
0.177582 0.678131
0.169288 0.680771
0.155464 0.683347
0.152699 0.683589
0.141641 0.683524
0.138876 0.683999
0.13532 0.685101
0.133346 0.686241
0.108464 0.695222
0.1057 0.695588
0.102935 0.696244
0.0974055 0.697894
0.0936738 0.698924
0.091876 0.699533
0.0891114 0.701073
0.0808173 0.70522
0.0771492 0.707218
0.0697585 0.712279
0.0669938 0.713975
0.0642291 0.716072
0.055935 0.722669
0.0546069 0.723806
0.0531703 0.725103
0.0518083 0.726571
0.0448762 0.733419
0.043133 0.734865
0.0338174 0.74147
0.0313048 0.743159
0.0290004 0.745924
0.028288 0.747037
0.0272312 0.748689
0.0258436 0.751453
0.0230549 0.756983
0.0217519 0.759747
0.0208769 0.762512
0.02047 0.765277
0.0205702 0.768041
0.0207189 0.770806
0.020882 0.773571
0.0210936 0.776336
0.0214486 0.781865
0.0216473 0.78463
0.0219664 0.787394
0.0224529 0.790159
0.0231537 0.792924
0.0243836 0.798453
0.0249425 0.801218
0.0260187 0.812276
0.0264072 0.815041
0.0274554 0.817806
0.035323 0.850982
0.0360474 0.853747
0.0365822 0.85437
0.0476409 0.868711
0.049007 0.870335
0.0586997 0.884015
0.0614644 0.886328
0.0752879 0.897873
0.077855 0.900747
0.0808173 0.903963
0.0831164 0.906276
0.0861681 0.909041
0.0899099 0.911805
0.091876 0.913144
0.0946407 0.91457
0.0974055 0.915872
0.10017 0.916803
0.102935 0.917512
0.1057 0.917994
0.108464 0.918325
0.111229 0.918408
0.113912 0.918024
0.115398 0.917354
0.116589 0.916246
0.11787 0.91416
0.117385 0.910928
0.141641 0.839792
0.144405 0.83772
0.14717 0.835228
0.148168 0.834394
0.152699 0.830971
0.155356 0.828865
0.246699 0.832169
0.253745 0.839924
0.255793 0.842688
0.257758 0.845382
0.260087 0.848218
0.263287 0.851986
0.264728 0.853747
0.266052 0.855183
0.267355 0.856512
0.269885 0.859276
0.272254 0.862041
0.274346 0.864318
0.27775 0.86757
0.279875 0.869515
0.28075 0.870335
0.28264 0.872197
0.286171 0.875864
0.288169 0.877991
0.288745 0.878629
0.29567 0.958805
0.288169 0.976992
0.287551 0.978158
0.283485 0.986452
0.283609 0.989217
0.284406 0.991982
0.285405 0.993362
0.286816 0.994746
0.288169 0.995806
0.290934 0.997206
0.293699 0.998729
0.296464 0.99951
0.299228 0.999877
0.301993 0.99999
0.304758 0.999983
0.307522 1.0
0.310287 0.999985
0.313052 0.999993
0.315816 0.999658
0.318581 0.999074
0.321346 0.998334
0.32411 0.997597
0.324462 0.997511
0.326875 0.996828
0.32964 0.995958
0.332835 0.994746
0.335169 0.993733
0.337934 0.992514
0.340699 0.991
0.343463 0.989217
0.346228 0.987257
0.348993 0.985019
0.350488 0.983688
0.351757 0.982519
0.353403 0.980923
0.354522 0.979779
0.409816 0.958346
0.412581 0.95845
0.415345 0.958402
0.41811 0.958302
0.420875 0.957828
0.440228 0.955248
0.442992 0.955126
0.445757 0.954811
0.448522 0.954275
0.451286 0.95383
0.509345 0.971606
0.510538 0.972629
0.51211 0.973907
0.51402 0.975394
0.517639 0.978118
0.520404 0.980107
0.523169 0.982046
0.525933 0.983911
0.528698 0.985731
0.52993 0.986452
0.531463 0.987356
0.534227 0.98869
0.536992 0.990107
0.539757 0.991395
0.542521 0.992788
0.545286 0.994029
0.548051 0.995172
0.550816 0.996053
0.55358 0.996786
0.556345 0.997327
0.55911 0.997511
0.561874 0.997387
0.564639 0.996458
0.569854 0.994746
0.572933 0.993179
0.574497 0.991982
0.574321 0.989217
0.572933 0.984893
0.571499 0.980924
0.565452 0.96199
0.563001 0.95373
0.558786 0.943116
0.558331 0.942057
0.568921 0.86757
0.570168 0.865949
0.570962 0.864806
0.572954 0.862041
0.574763 0.859276
0.575698 0.857827
0.576526 0.856512
0.578463 0.853477
0.579982 0.850982
0.581551 0.848218
0.58308 0.845453
0.583992 0.84379
0.588077 0.837159
0.589521 0.835069
0.697344 0.828816
0.701611 0.834394
0.702874 0.835948
0.707979 0.842688
0.711168 0.846791
0.715967 0.850982
0.741291 0.906276
0.741195 0.909041
0.741838 0.911805
0.742933 0.937607
0.743041 0.941776
0.743289 0.950511
0.744344 0.954239
0.747109 0.956354
0.749874 0.956719
0.752638 0.956041
0.755403 0.954745
0.758168 0.953189
0.760932 0.950818
0.763978 0.947747
0.774756 0.937768
0.777521 0.935821
0.780271 0.933923
0.78305 0.931977
0.784127 0.931158
0.785815 0.929553
0.78688 0.928394
0.788579 0.926481
0.796873 0.918197
0.799638 0.915428
0.804458 0.909041
0.806406 0.906276
0.809168 0.900747
0.816226 0.890468
0.819065 0.886923
0.823227 0.881394
0.82452 0.879078
0.828341 0.8731
0.829627 0.870335
0.833352 0.862041
0.833999 0.859276
0.837391 0.845453
0.838275 0.842688
0.839107 0.837159
0.839181 0.831629
0.839272 0.828865
0.838344 0.825149
0.834927 0.787394
0.835242 0.78463