849
0.642904 0.0588895
0.643108 0.0603078
0.643701 0.0686933
0.648294 0.0783226
0.648715 0.0794714
0.650236 0.084257
0.651116 0.0904845
0.649028 0.101545
0.648672 0.103264
0.646309 0.111472
0.645567 0.120491
0.645873 0.129555
0.644364 0.139661
0.639588 0.149482
0.635472 0.157947
0.63291 0.165846
0.630548 0.171404
0.630147 0.172164
0.627448 0.17705
0.621675 0.184605
0.62066 0.18542
0.616288 0.192411
0.615129 0.194022
0.610429 0.201326
0.609165 0.203431
0.604094 0.2138
0.603862 0.216475
0.600487 0.225324
0.600629 0.227788
0.598336 0.237341
0.597066 0.246165
0.596478 0.248906
0.596229 0.251681
0.595556 0.256721
0.595486 0.25998
0.595057 0.262761
0.594715 0.267488
0.594605 0.270839
0.594099 0.279184
0.594236 0.28189
0.593033 0.290211
0.591683 0.298905
0.589531 0.306805
0.58889 0.310911
0.587209 0.316663
0.58548 0.321859
0.583561 0.32655
0.58204 0.330582
0.578672 0.335484
0.578364 0.336795
0.574941 0.343935
0.573031 0.352313
0.568951 0.360192
0.568114 0.361696
0.563406 0.368155
0.558012 0.376606
0.551838 0.384739
0.546604 0.393479
0.541951 0.402125
0.53787 0.410353
0.536973 0.412869
0.534387 0.418217
0.533172 0.420701
0.528566 0.427506
0.521677 0.4325
0.495014 0.424888
0.492075 0.420135
0.491007 0.417734
0.487139 0.41
0.482623 0.402019
0.478061 0.393453
0.473147 0.384721
0.471763 0.383279
0.466779 0.376639
0.465562 0.375033
0.460222 0.369025
0.459144 0.367047
0.454045 0.361686
0.452611 0.359648
0.446392 0.346092
0.443578 0.338557
0.441118 0.332921
0.438209 0.328315
0.436473 0.324334
0.435446 0.319319
0.434302 0.314055
0.43259 0.308365
0.430158 0.301776
0.428154 0.293412
0.426837 0.28415
0.427003 0.282277
0.426367 0.273053
0.426504 0.270738
0.426206 0.262496
0.426158 0.259986
0.425928 0.251721
0.425769 0.249214
0.42491 0.240184
0.424713 0.237657
0.423207 0.227865
0.422892 0.225516
0.420396 0.216519
0.420026 0.213596
0.41881 0.211862
0.415239 0.203344
0.413847 0.201103
0.409403 0.193873
0.408316 0.192085
0.403723 0.185401
0.40288 0.184536
0.396942 0.17705
0.394243 0.172164
0.393843 0.171404
0.391481 0.165846
0.388918 0.157947
0.384802 0.149482
0.380026 0.139661
0.378518 0.129555
0.378823 0.120491
0.378081 0.111472
0.375719 0.103264
0.375362 0.101545
0.373274 0.0904845
0.374154 0.084257
0.375675 0.0794714
0.376097 0.0783226
0.380689 0.0686933
0.381282 0.0603078
0.381487 0.0588895
0.381367 0.0478952
0.376589 0.039327
0.376055 0.0388083
0.372256 0.0335652
0.368564 0.0302219
0.36563 0.0284357
0.363127 0.0279265
0.359192 0.0273452
0.354538 0.026889
0.348721 0.0254231
0.345724 0.0245819
0.341407 0.0232565
0.330189 0.0224676
0.324484 0.0229266
0.318309 0.0243986
0.307144 0.0259478
0.304036 0.0259029
0.301898 0.0256588
0.299692 0.0255744
0.297757 0.0256291
0.29603 0.0257263
0.294411 0.0257785
0.291371 0.0261908
0.288274 0.0267733
0.286741 0.0271901
0.278164 0.0279457
0.274757 0.0288018
0.271017 0.0295305
0.269823 0.0302536
0.269593 0.0383113
0.269869 0.0443424
0.273569 0.0495991
0.27809 0.0531425
0.279208 0.0543083
0.28263 0.0563833
0.292709 0.0682721
0.294476 0.0724758
0.295031 0.0738671
0.297891 0.0797192
0.304989 0.0907382
0.310432 0.0989529
0.314411 0.106497
0.317697 0.113425
0.319785 0.119514
0.321001 0.124528
0.321428 0.126109
0.323097 0.13209
0.323472 0.1336
0.325245 0.140858
0.325901 0.155787
0.325779 0.163936
0.324994 0.171707
0.325138 0.173651
0.325012 0.178806
0.324932 0.180918
0.325047 0.185817
0.324738 0.188094
0.32424 0.191639
0.321988 0.204398
0.323265 0.217132
0.324467 0.230305
0.323944 0.23214
0.325884 0.245332
0.329176 0.258312
0.332569 0.270427
0.33515 0.278925
0.338037 0.286859
0.338532 0.288326
0.342065 0.296152
0.346923 0.307618
0.34718 0.308071
0.351644 0.316842
0.356193 0.323841
0.358203 0.330687
0.361452 0.337079
0.365139 0.343656
0.368283 0.351076
0.368835 0.356923
0.369898 0.364189
0.371327 0.372575
0.371222 0.374621
0.371328 0.377096
0.369781 0.387412
0.370223 0.393133
0.370228 0.39665
0.370992 0.402489
0.371311 0.405688
0.372224 0.4124
0.372329 0.415476
0.37335 0.422483
0.373719 0.425947
0.375111 0.432106
0.375357 0.435733
0.376798 0.440758
0.377388 0.443494
0.378619 0.448235
0.380403 0.45525
0.382679 0.462229
0.387101 0.471666
0.391962 0.481155
0.396561 0.489101
0.397077 0.490075
0.402376 0.499746
0.403444 0.500841
0.408752 0.510439
0.40943 0.511236
0.413633 0.519436
0.417975 0.529219
0.418199 0.530373
0.419774 0.534689
0.419052 0.552422
0.417444 0.557144
0.416703 0.56299
0.41701 0.56627
0.41734 0.569861
0.417441 0.573158
0.41796 0.576007
0.418513 0.581024
0.418706 0.583895
0.418308 0.590278
0.418156 0.593113
0.417358 0.597336
0.416402 0.600226
0.416193 0.603115
0.415127 0.60748
0.414533 0.609766
0.413486 0.615327
0.409708 0.622662
0.408171 0.62608
0.407552 0.62758
0.405329 0.633001
0.401887 0.641012
0.397432 0.646292
0.390467 0.653676
0.384041 0.659881
0.378701 0.665228
0.375637 0.669103
0.356113 0.67921
0.352566 0.678767
0.345075 0.676337
0.343393 0.676091
0.335087 0.67413
0.3323 0.673609
0.322007 0.6703
0.313389 0.667981
0.305935 0.6665
0.298203 0.665613
0.292636 0.664899
0.288715 0.663879
0.286343 0.66372
0.2809 0.662304
0.279297 0.661991
0.27389 0.660755
0.27234 0.660112
0.2593 0.647956
0.255348 0.64189
0.250107 0.636987
0.245151 0.633485
0.243828 0.632291
0.24226 0.631488
0.238948 0.630266
0.237345 0.629718
0.232855 0.628589
0.22748 0.627241
0.221327 0.625108
0.213684 0.623056
0.211585 0.622446
0.208586 0.622209
0.205441 0.621509
0.202897 0.62095
0.196708 0.62087
0.193956 0.620497
0.190354 0.620652
0.188173 0.620665
0.185478 0.620657
0.179887 0.620596
0.177471 0.62071
0.173838 0.620649
0.17211 0.620567
0.152722 0.602489
0.151967 0.597141
0.150827 0.592167
0.150475 0.587554
0.151196 0.581815
0.151307 0.579907
0.150401 0.576745
0.149923 0.574742
0.146557 0.561523
0.14649 0.560491
0.145878 0.559345
0.144497 0.558399
0.142858 0.558086
0.138807 0.559913
0.136743 0.562391
0.135709 0.563566
0.134585 0.564811
0.133124 0.567517
0.132792 0.569094
0.132263 0.571264
0.131782 0.573146
0.118834 0.588626
0.102664 0.587894
0.101668 0.587414
0.100316 0.586753
0.0985273 0.585833
0.0966859 0.58552
0.0950637 0.585098
0.0771224 0.572609
0.0756316 0.569016
0.0739793 0.564743
0.0723048 0.561
0.0709394 0.556066
0.0703593 0.554629
0.0693099 0.551426
0.067616 0.548341
0.0652802 0.54672
0.0625675 0.544986
0.0609515 0.545708
0.0438955 0.545673
0.042025 0.546481
0.040757 0.547037
0.039673 0.547715
0.0389009 0.548291
0.0299952 0.55506
0.0281173 0.556033
0.0268459 0.5567
0.0258894 0.557395
0.0254653 0.557909
0.0249336 0.559089
0.0246393 0.560174
0.0243902 0.561274
0.0254168 0.570125
0.0286812 0.577799
0.0292047 0.580079
0.0323414 0.583796
0.0354438 0.588447
0.0381089 0.594238
0.0396512 0.59643
0.0403224 0.597272
0.0422986 0.599023
0.0449605 0.600587
0.0477305 0.602684
0.0562782 0.60647
0.0588374 0.60729
0.0602804 0.607905
0.0609248 0.60816
0.0693795 0.613391
0.0716631 0.615444
0.0745355 0.617627
0.0860875 0.626105
0.0874709 0.62772
0.0895246 0.62985
0.0914153 0.631758
0.0927645 0.632431
0.0965797 0.634997
0.102321 0.638584
0.107262 0.642508
0.110014 0.645363
0.111055 0.646756
0.111905 0.648045
0.112125 0.648412
0.114289 0.650803
0.115408 0.651643
0.118748 0.653695
0.120213 0.65452
0.123215 0.655713
0.129532 0.659679
0.130916 0.660774
0.133841 0.663803
0.13547 0.66524
0.139409 0.668478
0.143827 0.671815
0.145623 0.673346
0.149921 0.676793
0.151783 0.678134
0.154899 0.680396
0.157053 0.681389
0.160572 0.683767
0.162868 0.684806
0.16927 0.688542
0.175987 0.693349
0.180689 0.696652
0.185007 0.699991
0.189082 0.702653
0.193314 0.704974
0.196552 0.707593
0.201647 0.712106
0.206427 0.716072
0.208146 0.716333
0.213956 0.718076
0.219411 0.719989
0.225008 0.722365
0.227423 0.723902
0.235978 0.72478
0.241974 0.726381
0.247194 0.726756
0.252241 0.726549
0.256719 0.726966
0.258021 0.727257
0.265768 0.730557
0.270588 0.732291
0.274049 0.733701
0.278875 0.736369
0.280296 0.73719
0.285048 0.740354
0.289508 0.742097
0.293968 0.74304
0.298907 0.744241
0.303923 0.745674
0.308481 0.747071
0.318513 0.755952
0.321583 0.760953
0.32563 0.766353
0.329829 0.770858
0.335751 0.775416
0.341688 0.780059
0.34843 0.784712
0.355723 0.788233
0.362398 0.791073
0.36725 0.791749
0.372307 0.793802
0.377173 0.795915
0.380821 0.79704
0.387811 0.801375
0.39274 0.807078
0.398417 0.813938
0.405011 0.820606
0.412528 0.827103
0.42036 0.834013
0.428213 0.839982
0.435721 0.844943
0.442859 0.849229
0.451598 0.872961
0.451655 0.874493
0.452038 0.877662
0.452253 0.879396
0.468412 0.890928
0.47015 0.89455
0.470895 0.896297
0.472953 0.8997
0.473916 0.901428
0.477406 0.906416
0.479717 0.908449
0.481631 0.910589
0.482943 0.911508
0.486498 0.913893
0.48784 0.91464
0.491906 0.916454
0.492972 0.917116
0.498578 0.919094
0.499671 0.91926
0.504954 0.92057
0.512195 0.921174
0.519436 0.92057
0.524719 0.91926
0.525812 0.919094
0.531418 0.917116
0.532484 0.916454
0.536551 0.91464
0.537892 0.913893
0.541447 0.911508
0.542759 0.910589
0.544673 0.908449
0.546984 0.906416
0.550474 0.901428
0.551437 0.8997
0.553495 0.896297
0.55424 0.89455
0.555978 0.890928
0.572138 0.879396
0.572352 0.877662
0.572735 0.874493
0.572793 0.872961
0.581531 0.849229
0.588669 0.844943
0.596177 0.839982
0.604128 0.834141
0.612204 0.827549
0.619752 0.821084
0.626499 0.814533
0.632092 0.807479
0.636579 0.801375
0.64183 0.797726
0.643503 0.797006
0.647191 0.795775
0.656419 0.793667
0.663281 0.791432
0.669004 0.789512
0.672668 0.787205
0.674191 0.786206
0.679051 0.783531
0.680945 0.782552
0.686108 0.778866
0.688022 0.777686
0.692097 0.77409
0.693719 0.772759
0.697562 0.769049
0.702082 0.764159
0.70525 0.75994
0.706926 0.75623
0.708374 0.753937
0.710169 0.751563
0.720872 0.745041
0.726736 0.743904
0.732104 0.74129
0.736983 0.739746
0.741722 0.738161
0.746259 0.736154
0.748775 0.734634
0.750608 0.733743
0.753141 0.732631
0.757446 0.730461
0.761511 0.72865
0.766074 0.727117
0.767596 0.726807
0.772199 0.726478
0.777203 0.726712
0.782418 0.726331
0.788412 0.72478
0.796967 0.723902
0.799383 0.722365
0.804979 0.719989
0.810434 0.718076
0.816244 0.716333
0.817963 0.716072
0.822744 0.712106
0.827838 0.707593
0.831077 0.704974
0.835308 0.702653
0.839383 0.699991
0.843701 0.696652
0.848403 0.693349
0.85512 0.688542
0.861522 0.684806
0.863819 0.683767
0.867337 0.681389
0.869491 0.680396
0.872607 0.678134
0.874469 0.676793
0.878767 0.673346
0.880563 0.671815
0.884981 0.668478
0.88892 0.66524
0.890549 0.663803
0.893474 0.660774
0.894858 0.659679
0.901175 0.655713
0.904178 0.654521
0.905642 0.653696
0.908984 0.651645
0.910102 0.650805
0.912266 0.648414
0.912489 0.64805
0.913338 0.646761
0.914377 0.645363
0.917128 0.642508
0.92207 0.638584
0.92781 0.634997
0.931626 0.632431
0.932975 0.631758
0.934866 0.62985
0.936919 0.62772
0.938303 0.626105
0.949855 0.617627
0.952727 0.615444
0.955011 0.613391
0.963465 0.60816
0.96411 0.607905
0.965553 0.60729
0.968112 0.60647
0.97666 0.602684
0.97943 0.600587
0.982092 0.599023
0.984068 0.597272
0.984739 0.59643
0.986281 0.594238
0.988946 0.588447
0.992049 0.583796
0.995186 0.580079
0.995709 0.577799
0.998973 0.570126
1.0 0.561274
0.999751 0.560174
0.999457 0.559089
0.998925 0.557909
0.998501 0.557395
0.997544 0.5567
0.996273 0.556033
0.994395 0.55506
0.985489 0.548291
0.984717 0.547715
0.983633 0.547037
0.982365 0.546481
0.980495 0.545673
0.963439 0.545708
0.961823 0.544986
0.95911 0.54672
0.956774 0.548341
0.95508 0.551425
0.954031 0.554629
0.953451 0.556066
0.952085 0.561
0.950411 0.564743
0.948759 0.569016
0.947268 0.572609
0.929327 0.585098
0.927704 0.58552
0.925863 0.585833
0.924074 0.586753
0.922722 0.587414
0.921726 0.587894
0.905556 0.588626
0.892608 0.573146
0.892127 0.571264
0.891598 0.569094
0.891267 0.567517
0.889805 0.564811
0.888681 0.563566
0.887647 0.562391
0.885583 0.559913
0.881532 0.558086
0.879893 0.558399
0.878513 0.559345
0.8779 0.560491
0.877834 0.561523
0.874468 0.574742
0.873989 0.576745
0.873083 0.579907
0.873194 0.581815
0.873915 0.587554
0.873563 0.592167
0.872423 0.597141
0.871668 0.602489
0.85228 0.620567
0.850553 0.620649
0.84692 0.62071
0.844503 0.620596
0.838913 0.620657
0.836217 0.620665
0.834036 0.620652
0.830434 0.620497
0.827682 0.62087
0.821493 0.62095
0.818949 0.621509
0.815804 0.622209
0.812805 0.622446
0.810706 0.623056
0.803063 0.625108
0.796911 0.627241
0.791535 0.628589
0.787045 0.629718
0.785442 0.630266
0.78213 0.631488
0.780562 0.632291
0.779239 0.633485
0.774283 0.636987
0.769043 0.64189
0.76509 0.647956
0.75205 0.660112
0.7505 0.660755
0.745093 0.661991
0.74349 0.662304
0.738047 0.66372
0.735675 0.663879
0.731755 0.664899
0.728983 0.665551
0.725825 0.666202
0.722781 0.667413
0.71837 0.668776
0.715256 0.669975
0.712951 0.670976
0.71064 0.672236
0.70621 0.67501
0.702835 0.676234
0.697894 0.679564
0.694477 0.680915
0.682445 0.683739
0.673708 0.68157
0.672589 0.681461
0.667226 0.680893
0.661941 0.681223
0.647027 0.677178
0.644108 0.675143
0.637383 0.668469
0.633996 0.661407
0.630804 0.654387
0.63038 0.653546
0.625931 0.647836
0.621097 0.63994
0.619061 0.633001
0.616838 0.62758
0.616157 0.626126
0.614405 0.622735
0.611228 0.617622
0.610348 0.615186
0.609747 0.612722
0.608574 0.607584
0.60741 0.602522
0.606922 0.597359
0.605495 0.586616
0.605771 0.577697
0.606808 0.573157
0.607083 0.569867
0.607491 0.566279
0.607779 0.562988
0.60708 0.557115
0.605526 0.552357
0.604823 0.534659
0.606338 0.530289
0.606498 0.529133
0.610824 0.51938
0.615015 0.511197
0.61566 0.51041
0.620959 0.500842
0.621969 0.49974
0.627239 0.490085
0.627719 0.48912
0.632189 0.481148
0.637011 0.47172
0.641386 0.462354
0.643741 0.45528
0.64562 0.448201
0.6469 0.443439
0.647535 0.440718
0.649008 0.435712
0.649256 0.43209
0.650671 0.425947
0.651033 0.422481
0.652061 0.415476
0.652167 0.4124
0.653079 0.405688
0.653398 0.402489
0.654163 0.39665
0.654167 0.393133
0.65461 0.387412
0.653084 0.381218
0.653063 0.377096
0.653407 0.374626
0.653707 0.372386
0.654589 0.364197
0.655555 0.356923
0.65671 0.349477
0.659251 0.343656
0.663075 0.337166
0.666187 0.330687
0.668531 0.323796
0.672746 0.316842
0.676961 0.308356
0.677467 0.307618
0.682127 0.296733
0.682557 0.294856
0.685473 0.28845
0.686353 0.286859
0.689042 0.278968
0.691821 0.270427
0.695214 0.258312
0.698506 0.245332
0.700446 0.23214
0.699923 0.230305
0.701126 0.217132
0.702402 0.204398
0.70015 0.191639
0.699652 0.188094
0.699344 0.185817
0.699458 0.180918
0.699378 0.178806
0.699252 0.173651
0.699396 0.171707
0.698611 0.163936
0.698489 0.155787
0.699146 0.140858
0.700918 0.1336
0.701293 0.13209
0.702962 0.126109
0.703389 0.124528
0.704605 0.119514
0.706693 0.113425
0.709979 0.106497
0.713958 0.0989529
0.719401 0.0907382
0.7265 0.0797192
0.729359 0.0738671
0.729914 0.0724758
0.731682 0.0682721
0.74176 0.0563833
0.745182 0.0543083
0.7463 0.0531425
0.750821 0.0495991
0.754521 0.0443424
0.754797 0.0383113
0.754568 0.0302536
0.753373 0.0295305
0.749633 0.0288018
0.746226 0.0279457
0.737649 0.0271901
0.736116 0.0267733
0.73302 0.0261908
0.72998 0.0257785
0.72836 0.0257263
0.726634 0.0256291
0.724698 0.0255744
0.722492 0.0256588
0.720354 0.0259029
0.717246 0.0259478
0.706081 0.0243986
0.699907 0.0229266
0.694201 0.0224676
0.682983 0.0232565
0.678666 0.0245819
0.675669 0.0254231
0.669853 0.026889
0.665198 0.0273452
0.661263 0.0279265
0.65876 0.0284357
0.655826 0.0302219
0.652135 0.0335652
0.648335 0.0388083
0.647801 0.039327
0.643023 0.0478952
0.642904 0.0588895