181
0.293318 0.0275168
0.287659 0.0247242
0.257663 0.0267707
0.244002 0.0280772
0.237252 0.0295067
0.202854 0.0271677
0.191217 0.0303693
0.179451 0.0306442
0.172816 0.0345152
0.165538 0.0420992
0.169488 0.0616092
0.182428 0.0717337
0.195885 0.0989423
0.201088 0.100437
0.236715 0.110017
0.254466 0.122587
0.265943 0.147562
0.251521 0.189801
0.196066 0.199995
0.183722 0.209584
0.172607 0.218268
0.161058 0.227658
0.148427 0.243999
0.128117 0.257179
0.114459 0.273839
0.108425 0.284119
0.101893 0.299963
0.0780275 0.325105
0.070549 0.361372
0.0561735 0.389772
0.059321 0.42262
0.056085 0.441008
0.0640415 0.466911
0.0645305 0.474869
0.0572995 0.535952
0.0396475 0.545123
0.0392455 0.562991
0.0380655 0.56714
0.0295205 0.582011
0.027168 0.584692
0.025 0.619377
0.03362 0.651193
0.0488895 0.676526
0.049042 0.701808
0.042326 0.721627
0.046532 0.737542
0.0465955 0.750312
0.0452355 0.764224
0.0483905 0.778066
0.066356 0.788255
0.0876945 0.799456
0.0938995 0.801034
0.129421 0.850376
0.126651 0.875894
0.123519 0.899392
0.128138 0.909191
0.130702 0.94474
0.135613 0.958393
0.156028 0.968865
0.161651 0.968466
0.189033 0.976386
0.196651 0.975135
0.220484 0.967649
0.237486 0.953419
0.242261 0.921921
0.243529 0.899583
0.314117 0.878476
0.341622 0.904871
0.361311 0.911459
0.400722 0.941568
0.401066 0.941841
0.430147 0.949004
0.462637 0.977763
0.475517 0.991901
0.491103 1.00473
0.507315 1.01011
0.517002 1.0137
0.535503 1.00967
0.55901 0.986887
0.566267 0.963761
0.579868 0.932428
0.57464 0.890915
0.570724 0.885166
0.559216 0.863917
0.545424 0.850034
0.516365 0.830939
0.498438 0.824897
0.485231 0.83097
0.427636 0.795879
0.415538 0.789682
0.389613 0.779812
0.348338 0.753643
0.316244 0.72125
0.329359 0.679277
0.347509 0.650456
0.360536 0.641711
0.400954 0.633627
0.414639 0.628628
0.444902 0.619059
0.474727 0.623931
0.514104 0.631673
0.533709 0.637292
0.550618 0.64512
0.58247 0.64651
0.589025 0.649758
0.603529 0.653996
0.638554 0.649302
0.65514 0.657447
0.658641 0.657907
0.684044 0.657138
0.704549 0.650868
0.720834 0.647115
0.747227 0.634348
0.776134 0.6212
0.78537 0.613757
0.808585 0.594703
0.814995 0.593143
0.830917 0.570667
0.844423 0.563645
0.84747 0.557054
0.879534 0.515335
0.895495 0.490498
0.900929 0.471288
0.911152 0.453754
0.916044 0.439045
0.922268 0.411883
0.924946 0.406671
0.928338 0.366976
0.927666 0.317476
0.978828 0.287381
1.01142 0.271018
1.01388 0.258094
1.0249 0.237731
1.025 0.204016
1.02004 0.191109
1.00534 0.146146
0.990093 0.125578
0.981279 0.120303
0.958134 0.0969567
0.932863 0.0830497
0.920348 0.0759203
0.88702 0.0639207
0.852275 0.0413922
0.820949 0.0381687
0.806504 0.0376782
0.791542 0.0325562
0.769092 0.0371422
0.756895 0.0341002
0.737992 0.0322542
0.715423 0.0331382
0.701168 0.0344902
0.683307 0.0317057
0.669968 0.0307207
0.664235 0.0302148
0.63363 0.0322582
0.611406 0.0361232
0.599168 0.0376892
0.56933 0.0369997
0.565484 0.0352877
0.560529 0.0369298
0.535616 0.0363132
0.513469 0.0362802
0.490692 0.0388187
0.481496 0.0365662
0.461581 0.0275802
0.439391 0.0281217
0.425475 0.0297067
0.421954 0.0295872
0.41498 0.0288682
0.406946 0.0294567
0.393582 0.0288662
0.391139 0.0289972
0.387501 0.0289517
0.373984 0.0306937
0.371621 0.0305747
0.364467 0.0312732
0.346807 0.0282227
0.342865 0.0281462
0.333446 0.0278583
0.32221 0.0282263
0.293318 0.0275168