275
0.426288 0.325334
0.424287 0.297834
0.425098 0.288637
0.424034 0.277246
0.425425 0.258045
0.424335 0.244885
0.427131 0.231565
0.42917 0.202624
0.427058 0.191478
0.429161 0.179056
0.431063 0.156415
0.430853 0.143662
0.431362 0.114538
0.433225 0.100612
0.431847 0.0799768
0.431849 0.0781717
0.430925 0.0681579
0.431179 0.0579131
0.432467 0.0510848
0.431773 0.0452386
0.431092 0.040999
0.427324 0.0340279
0.424309 0.0317955
0.424011 0.0315587
0.421412 0.0294157
0.419402 0.0280795
0.412072 0.0252203
0.407223 0.025038
0.401807 0.0253166
0.396781 0.0250972
0.393402 0.0251181
0.371308 0.0243902
0.357114 0.0247095
0.346034 0.0254025
0.34296 0.0259551
0.324758 0.0282815
0.320725 0.0302155
0.316886 0.0321241
0.312635 0.0337458
0.311051 0.0341869
0.272423 0.037009
0.269821 0.0355335
0.262476 0.0317816
0.257972 0.0302863
0.253821 0.0282258
0.247263 0.0276279
0.234463 0.0258599
0.229695 0.0259655
0.221066 0.0244726
0.215302 0.0246073
0.211238 0.0249393
0.205254 0.0259144
0.199368 0.0261339
0.191497 0.0254756
0.184502 0.025002
0.175619 0.0249718
0.165246 0.0259923
0.158849 0.0284673
0.155746 0.030464
0.150873 0.0344504
0.149981 0.0367908
0.147831 0.0434984
0.146621 0.0494258
0.14714 0.0588708
0.147495 0.0677736
0.14662 0.0797598
0.145875 0.100212
0.145329 0.10439
0.147292 0.150777
0.148267 0.16336
0.14936 0.188976
0.149205 0.193575
0.150992 0.210652
0.150908 0.225559
0.15204 0.238468
0.153034 0.250534
0.153521 0.277231
0.153702 0.280614
0.154607 0.295793
0.154495 0.299617
0.153605 0.308394
0.153554 0.3142
0.152041 0.329568
0.15179 0.334675
0.152075 0.361928
0.150871 0.365739
0.157279 0.38849
0.156047 0.399886
0.157894 0.413058
0.162873 0.432489
0.162681 0.43832
0.165289 0.454091
0.168849 0.463821
0.170355 0.473967
0.173864 0.487176
0.125779 0.52307
0.116327 0.517107
0.103806 0.512706
0.0947771 0.510165
0.0937706 0.509892
0.0835409 0.508768
0.0757038 0.509295
0.0739149 0.509487
0.072155 0.509807
0.0640264 0.51205
0.0627843 0.512561
0.0544909 0.516084
0.0458691 0.523074
0.037253 0.53152
0.0336055 0.537995
0.0319408 0.540838
0.0292057 0.546643
0.0279125 0.549076
0.0260086 0.55561
0.0150011 0.572356
0.0141189 0.577467
0.0137358 0.583043
0.0174448 0.590842
0.0206639 0.594908
0.0223588 0.597012
0.0275143 0.599497
0.0331852 0.602729
0.0393368 0.605464
0.0471077 0.609262
0.052442 0.610165
0.0593562 0.609917
0.0668253 0.608955
0.0722339 0.607853
0.1002 0.614045
0.115046 0.624565
0.117268 0.625064
0.133178 0.631881
0.139679 0.636662
0.151524 0.642073
0.15873 0.64624
0.170943 0.650749
0.18456 0.658749
0.204591 0.681668
0.20607 0.686573
0.208885 0.708608
0.20716 0.718629
0.20573 0.722703
0.20602 0.731082
0.206552 0.751797
0.204872 0.758365
0.198551 0.770975
0.197857 0.77516
0.197265 0.781419
0.19583 0.788726
0.191711 0.80224
0.189786 0.805911
0.190044 0.808655
0.190807 0.811368
0.19446 0.815519
0.203978 0.832594
0.207004 0.868053
0.206527 0.869911
0.206369 0.872138
0.206902 0.873822
0.212971 0.892212
0.207371 0.91391
0.207512 0.919061
0.208824 0.933184
0.209611 0.936224
0.210866 0.943285
0.213971 0.949092
0.215008 0.951364
0.219683 0.960381
0.226134 0.968644
0.226899 0.969701
0.233947 0.978688
0.243505 0.985852
0.24898 0.989995
0.257066 0.993281
0.260784 0.994257
0.269115 0.997865
0.281184 0.999274
0.290984 0.999858
0.291672 1.0
0.300697 0.999511
0.311449 0.997635
0.321352 0.993223
0.323925 0.992252
0.334361 0.98723
0.34087 0.981231
0.343465 0.979176
0.347384 0.975708
0.350277 0.973093
0.353311 0.96923
0.357159 0.964639
0.358581 0.962852
0.362921 0.954513
0.367489 0.944589
0.370134 0.933188
0.372034 0.919046
0.371558 0.913133
0.372376 0.884387
0.372592 0.872102
0.372818 0.855202
0.374396 0.834
0.37553 0.831363
0.387033 0.814247
0.389153 0.809337
0.389146 0.805343
0.38573 0.795204
0.382535 0.783378
0.381616 0.775733
0.380989 0.770464
0.374206 0.755118
0.373083 0.743952
0.37369 0.725832
0.373562 0.72214
0.369148 0.705012
0.374731 0.686686
0.387386 0.663558
0.40001 0.653618
0.402121 0.652661
0.411545 0.649833
0.424789 0.641929
0.431843 0.639708
0.44443 0.632799
0.456524 0.625848
0.465787 0.620453
0.473017 0.617479
0.477748 0.613911
0.510325 0.609367
0.516991 0.610153
0.524551 0.610343
0.526514 0.60998
0.531414 0.609034
0.532392 0.608879
0.537771 0.605722
0.543822 0.601906
0.550134 0.599192
0.555263 0.597374
0.559067 0.59312
0.562219 0.587783
0.562712 0.583051
0.563167 0.578042
0.562798 0.575373
0.561807 0.572585
0.561158 0.571325
0.560327 0.570598
0.550782 0.55583
0.550092 0.553718
0.54912 0.551289
0.545475 0.542155
0.540887 0.533577
0.534975 0.526479
0.529148 0.52029
0.521526 0.515857
0.517182 0.513096
0.513794 0.511939
0.505924 0.510065
0.496832 0.509439
0.485623 0.508934
0.477202 0.511461
0.475018 0.511777
0.467389 0.515123
0.464189 0.515913
0.463771 0.516228
0.447883 0.524304
0.405678 0.484774
0.406828 0.478923
0.408591 0.468184
0.41582 0.442931
0.416305 0.441296
0.417302 0.437701
0.416228 0.428528
0.423984 0.400609
0.427337 0.366279
0.428601 0.36234
0.426322 0.336654
0.426849 0.327243
0.426288 0.325334