1104
0.234251 0.781366
0.237157 0.779988
0.239807 0.77869
0.242398 0.77721
0.245 0.775795
0.247618 0.774401
0.252971 0.771325
0.257649 0.768159
0.262757 0.764908
0.267062 0.761938
0.271873 0.758868
0.276742 0.755755
0.280578 0.752685
0.284708 0.749423
0.28881 0.746799
0.293184 0.743654
0.296936 0.740627
0.300639 0.737189
0.304114 0.734103
0.307738 0.730798
0.31116 0.7276
0.314608 0.724471
0.318003 0.721379
0.321632 0.718043
0.32525 0.71484
0.328991 0.711418
0.332769 0.708305
0.336212 0.705112
0.339527 0.702037
0.342827 0.698892
0.345796 0.69563
0.349042 0.692442
0.352368 0.689132
0.355752 0.68594
0.359184 0.682726
0.360504 0.681528
0.364319 0.678032
0.364553 0.677851
0.36822 0.674648
0.372275 0.671093
0.376505 0.667352
0.376574 0.667267
0.380608 0.66342
0.384822 0.659754
0.389569 0.655858
0.393671 0.652522
0.398658 0.648563
0.402739 0.644929
0.403878 0.6442
0.408678 0.639836
0.40913 0.639394
0.414281 0.635776
0.419437 0.632051
0.419889 0.631721
0.425466 0.627821
0.425908 0.627459
0.432788 0.622941
0.437913 0.619674
0.438354 0.619397
0.443468 0.616545
0.449449 0.612884
0.454143 0.610063
0.454568 0.609782
0.45501 0.60942
0.460587 0.605705
0.465291 0.602864
0.466147 0.602412
0.471304 0.599064
0.471745 0.598782
0.476412 0.596021
0.476859 0.595776
0.481106 0.593211
0.482393 0.592556
0.487087 0.589715
0.487949 0.589263
0.493046 0.58649
0.49857 0.583776
0.503168 0.582212
0.503998 0.581925
0.508553 0.580935
0.512687 0.580232
0.517615 0.579737
0.523756 0.579557
0.528231 0.579573
0.533116 0.579684
0.53352 0.579737
0.534345 0.579807
0.538788 0.580344
0.543242 0.580722
0.544046 0.580844
0.548899 0.581382
0.554183 0.582047
0.559435 0.582627
0.564692 0.583319
0.570296 0.584314
0.575111 0.585176
0.580305 0.586086
0.580715 0.586166
0.585961 0.587267
0.590777 0.588475
0.595987 0.589465
0.601191 0.590912
0.606406 0.592184
0.61161 0.593344
0.612014 0.593424
0.612414 0.593504
0.616809 0.594701
0.617219 0.594866
0.621987 0.596473
0.627962 0.598399
0.632347 0.599772
0.637918 0.601709
0.642697 0.603316
0.643495 0.60355
0.647869 0.605088
0.648673 0.605328
0.653414 0.60719
0.658586 0.609132
0.663338 0.610936
0.664126 0.611234
0.668495 0.612788
0.668899 0.612921
0.669309 0.613001
0.673273 0.614241
0.674875 0.614938
0.678839 0.616167
0.679659 0.616465
0.684027 0.617944
0.684815 0.618157
0.68921 0.619631
0.689599 0.619764
0.690014 0.619844
0.695207 0.621121
0.700401 0.622388
0.705664 0.623308
0.711693 0.624458
0.716147 0.624915
0.716556 0.624984
0.721819 0.62549
0.723032 0.625607
0.727098 0.625905
0.731972 0.626102
0.732786 0.62615
0.733585 0.626192
0.738076 0.626315
0.738491 0.626277
0.74461 0.626352
0.749096 0.626198
0.754423 0.625948
0.755232 0.62599
0.759361 0.625373
0.760191 0.625272
0.76101 0.625155
0.764703 0.624878
0.765949 0.624745
0.770057 0.624207
0.770876 0.624085
0.77624 0.6235
0.781588 0.622813
0.786968 0.621866
0.791927 0.620797
0.793188 0.620419
0.797749 0.619599
0.800266 0.618737
0.803575 0.617907
0.805252 0.617492
0.806082 0.61729
0.808583 0.61655
0.810674 0.61597
0.81152 0.615598
0.815282 0.614395
0.816123 0.614028
0.819874 0.612751
0.820721 0.612543
0.821551 0.612341
0.827 0.610404
0.833332 0.607648
0.838808 0.605461
0.843842 0.603444
0.849046 0.599602
0.849461 0.599394
0.854654 0.595728
0.855059 0.59552
0.85649 0.594334
0.856538 0.594291
0.859422 0.591966
0.861354 0.590747
0.866579 0.587033
0.876897 0.583111
0.8805 0.572218
0.882857 0.569143
0.883411 0.568568
0.885667 0.565476
0.8882 0.561762
0.89068 0.558
0.892893 0.554291
0.894905 0.550556
0.896714 0.546879
0.896911 0.546426
0.898683 0.542755
0.900221 0.53904
0.901482 0.535353
0.90269 0.531622
0.903765 0.527887
0.904595 0.524183
0.905356 0.520453
0.905914 0.516755
0.906526 0.513025
0.907005 0.509316
0.907399 0.505543
0.907883 0.501823
0.908229 0.498104
0.908368 0.494373
0.908522 0.490633
0.908644 0.486924
0.908767 0.483161
0.908889 0.479415
0.908889 0.475728
0.908756 0.472237
0.908591 0.468523
0.908346 0.464835
0.908224 0.461083
0.907974 0.457486
0.90774 0.45374
0.907537 0.450063
0.907186 0.446354
0.906787 0.442603
0.906601 0.438851
0.906212 0.43511
0.905744 0.431401
0.904999 0.42766
0.904377 0.423611
0.903935 0.419891
0.903424 0.416145
0.90286 0.412399
0.902205 0.408669
0.9017 0.404933
0.901162 0.401182
0.900433 0.397452
0.899774 0.394073
0.899284 0.390337
0.89889 0.386569
0.898709 0.382855
0.898938 0.379104
0.899513 0.375416
0.900332 0.371697
0.90137 0.368004
0.90269 0.364358
0.902716 0.364289
0.904217 0.360612
0.906016 0.356946
0.908032 0.353354
0.910501 0.349821
0.913183 0.346277
0.915753 0.342429
0.919079 0.338965
0.922352 0.335336
0.924379 0.333564
0.926747 0.331675
0.928727 0.329813
0.933378 0.325859
0.938113 0.322187
0.942562 0.318606
0.947064 0.315184
0.949964 0.311805
0.955903 0.305345
0.955908 0.297262
0.956499 0.293548
0.956914 0.289845
0.957323 0.286109
0.957696 0.282395
0.958063 0.278675
0.958356 0.27494
0.95867 0.271225
0.958936 0.269219
0.959478 0.265532
0.960042 0.261753
0.96074 0.258087
0.96141 0.25441
0.962091 0.250744
0.962826 0.247051
0.963629 0.243422
0.964464 0.239755
0.965268 0.236115
0.966199 0.232513
0.96713 0.228884
0.968195 0.225313
0.969227 0.221732
0.970206 0.218151
0.97118 0.214538
0.97209 0.210956
0.973117 0.207365
0.974085 0.203746
0.975049 0.200154
0.975953 0.196536
0.977076 0.193002
0.977927 0.189389
0.978933 0.185771
0.980104 0.182216
0.980838 0.17856
0.981987 0.175006
0.982839 0.171377
0.983887 0.167795
0.984962 0.164198
0.986234 0.160708
0.987314 0.157137
0.98849 0.153609
0.989581 0.150038
0.990565 0.146436
0.991789 0.142892
0.99296 0.139348
0.994397 0.135889
0.995642 0.132393
0.996749 0.128876
0.997558 0.125231
0.998526 0.121665
0.999234 0.118079
0.999952 0.11446
1.0 0.110693
0.999755 0.106851
0.998973 0.102652
0.996163 0.097496
0.990491 0.091185
0.984478 0.0860766
0.980253 0.0774028
0.979737 0.0732948
0.979226 0.0692613
0.979103 0.0653608
0.979497 0.0615933
0.979981 0.0578524
0.980615 0.0541435
0.98145 0.0505197
0.982599 0.0469811
0.9836 0.0433785
0.984233 0.0396696
0.982988 0.0354179
0.982498 0.0275211
0.982136 0.0235089
0.981498 0.0233386
0.979934 0.022849
0.979396 0.0227267
0.968131 0.0232907
0.962091 0.0233918
0.95246 0.0224872
0.948847 0.0214602
0.940018 0.0227053
0.926215 0.0224872
0.925555 0.0222637
0.924257 0.0218805
0.921421 0.0249297
0.921325 0.0287663
0.923379 0.0332894
0.926896 0.0383499
0.929663 0.046997
0.931127 0.0512275
0.933644 0.0557984
0.936773 0.060545
0.938917 0.065084
0.940992 0.0695858
0.942935 0.0740344
0.944228 0.0783287
0.945398 0.0825592
0.946745 0.0868375
0.947181 0.0908657
0.947234 0.0947768
0.947064 0.0985922
0.947085 0.102477
0.946739 0.106265
0.946207 0.10998
0.946058 0.113843
0.945547 0.117557
0.945393 0.12142
0.945079 0.125188
0.944957 0.129046
0.944739 0.132883
0.944813 0.136788
0.944643 0.14063
0.944494 0.144456
0.944302 0.148288
0.943887 0.152039
0.943754 0.155892
0.943126 0.159595
0.942541 0.163294
0.941854 0.166976
0.941024 0.170616
0.940215 0.174261
0.93814 0.181407
0.93706 0.184978
0.935815 0.188495
0.934596 0.192002
0.933441 0.195557
0.932521 0.199175
0.931292 0.202682
0.9301 0.206215
0.928727 0.209669
0.927583 0.213239
0.925949 0.216586
0.924603 0.22012
0.923299 0.223626
0.921612 0.227
0.919883 0.230374
0.918175 0.233769
0.916514 0.237169
0.914583 0.240452
0.912651 0.243789
0.910746 0.247099
0.908495 0.250313
0.906457 0.253591
0.903924 0.256709
0.869442 0.241969
0.869879 0.238058
0.870735 0.234492
0.871528 0.230778
0.87231 0.227048
0.872726 0.223163
0.873753 0.219545
0.874498 0.215841
0.875391 0.212154
0.876589 0.208647
0.877504 0.204981
0.878494 0.201266
0.879521 0.197675
0.880181 0.193918
0.880926 0.190203
0.88183 0.186505
0.882538 0.182764
0.883858 0.179305
0.884555 0.175628
0.885422 0.171946
0.886327 0.16828
0.887306 0.164651
0.888184 0.161
0.889211 0.15736
0.890078 0.153694
0.891291 0.150113
0.892356 0.146532
0.893415 0.14295
0.894357 0.139284
0.895309 0.135644
0.896299 0.132015
0.897129 0.128285
0.897975 0.124603
0.898661 0.12083
0.899199 0.117046
0.899444 0.113141
0.89938 0.109123
0.898741 0.104903
0.896863 0.10013
0.893441 0.0945586
0.888125 0.0882103
0.883027 0.0819792
0.877935 0.0753488
0.876115 0.0586346
0.877467 0.0551652
0.87818 0.0514297
0.878898 0.0476622
0.878286 0.0433413
0.877344 0.0388661
0.876567 0.0344654
0.875732 0.0300913
0.87528 0.0297933
0.874498 0.0293357
0.872364 0.0283246
0.854287 0.0284257
0.842559 0.0274945
0.836227 0.0288408
0.825936 0.0286439
0.816527 0.0290111
0.816187 0.0289632
0.812542 0.0315546
0.812654 0.0356573
0.816661 0.040521
0.818177 0.0417715
0.822955 0.0479017
0.827308 0.0577034
0.828942 0.0620297
0.829458 0.0624926
0.831033 0.0636686
0.836887 0.0715122
0.840686 0.0763332
0.844203 0.0814417
0.845927 0.0863
0.847614 0.0909934
0.848982 0.0955857
0.849338 0.099864
0.849668 0.1041
0.850094 0.108415
0.850339 0.112502
0.850536 0.116578
0.850695 0.12066
0.850754 0.124725
0.85061 0.128689
0.850424 0.136842
0.850083 0.140662
0.849264 0.144382
0.84886 0.148229
0.848322 0.152029
0.847556 0.155759
0.846635 0.159388
0.845284 0.162884
0.844182 0.166476
0.843336 0.170153
0.842469 0.173819
0.841569 0.177486
0.840346 0.181014
0.839207 0.184584
0.83785 0.188054
0.836642 0.191608
0.835322 0.195056
0.833822 0.198467
0.832619 0.202011
0.830836 0.205295
0.828942 0.208557
0.828122 0.212228
0.826888 0.215756
0.825276 0.219119
0.824068 0.222663
0.822322 0.225973
0.820854 0.229405
0.819486 0.232875
0.817858 0.236227
0.816139 0.239537
0.814399 0.242847
0.812664 0.246151
0.810929 0.249499
0.809232 0.252846
0.807471 0.256155
0.805661 0.259263
0.805582 0.259396
0.803426 0.262498
0.801325 0.265532
0.800824 0.266436
0.797988 0.27064
0.795609 0.274354
0.793369 0.278191
0.790927 0.281453
0.788383 0.285401
0.786159 0.289249
0.783951 0.29267
0.781678 0.296672
0.779023 0.300631
0.776346 0.304547
0.773611 0.308171
0.771227 0.3118
0.767976 0.315631
0.765778 0.319383
0.763384 0.323055
0.758802 0.329978
0.756099 0.334277
0.753593 0.337358
0.751555 0.34161
0.750661 0.345856
0.749059 0.34964
0.747409 0.353147
0.744993 0.356706
0.741886 0.363741
0.740704 0.367573
0.734367 0.378082
0.710293 0.389347
0.705754 0.388177
0.697224 0.383329
0.692941 0.380466
0.690014 0.378609
0.685395 0.374831
0.680574 0.37117
0.675748 0.36745
0.67091 0.363906
0.666063 0.360197
0.661236 0.357893
0.661055 0.357803
0.65616 0.354509
0.65111 0.352375
0.646076 0.350097
0.64125 0.347884
0.635997 0.345521
0.630926 0.343552
0.625818 0.34177
0.62089 0.340163
0.615601 0.338199
0.610429 0.336826
0.605315 0.335134
0.600143 0.333772
0.594938 0.332495
0.589543 0.331191
0.584594 0.33002
0.584376 0.32994
0.579352 0.329073
0.574074 0.328631
0.568784 0.328041
0.563687 0.327674
0.563495 0.327668
0.558152 0.327317
0.557966 0.327306
0.552874 0.326721
0.547494 0.32678
0.542125 0.326764
0.541912 0.326764
0.536591 0.326482
0.531695 0.326231
0.531259 0.326226
0.525858 0.326364
0.520563 0.325939
0.515369 0.326189
0.509782 0.326226
0.504423 0.326146
0.499209 0.326641
0.493547 0.327109
0.488364 0.327269
0.482792 0.327173
0.477402 0.327312
0.477189 0.327301
0.47158 0.327519
0.465892 0.328168
0.461113 0.328621
0.458267 0.328908
0.455505 0.328913
0.452669 0.328881
0.452248 0.328865
0.446741 0.328248
0.429 0.309203
0.429133 0.305457
0.429244 0.301748
0.429127 0.298034
0.429138 0.294309
0.42925 0.290568
0.429574 0.286865
0.42975 0.28315
0.430319 0.279399
0.430814 0.275674
0.431282 0.271954
0.432139 0.268219
0.432932 0.264467
0.434119 0.260641
0.435029 0.256975
0.436087 0.253372
0.437338 0.249658
0.438727 0.245901
0.440046 0.242187
0.440706 0.23851
0.441286 0.234822
0.441334 0.231119
0.441744 0.227378
0.442196 0.223664
0.442489 0.219949
0.442984 0.216225
0.443064 0.212521
0.443686 0.208828
0.444421 0.205124
0.445001 0.201383
0.446065 0.197611
0.446985 0.193896
0.447965 0.190182
0.448545 0.186505
0.450764 0.179061
0.451849 0.175346
0.453286 0.17168
0.453813 0.16969
0.455148 0.166231
0.456585 0.162746
0.457825 0.159265
0.459267 0.155791
0.460666 0.152162
0.462183 0.14874
0.464083 0.145515
0.46545 0.142072
0.466855 0.138672
0.467786 0.13508
0.469314 0.131744
0.471048 0.128221
0.472299 0.12472
0.473108 0.121128
0.47414 0.116924
0.474725 0.113258
0.474715 0.1104
0.474752 0.109352
0.474438 0.106388
0.472863 0.101407
0.470718 0.0971501
0.467462 0.0927761
0.464045 0.0883061
0.458357 0.0793824
0.456989 0.0753276
0.455462 0.0678777
0.455382 0.0674521
0.454978 0.0638868
0.455143 0.060098
0.455643 0.0564104
0.456122 0.052744
0.456793 0.0490777
0.457399 0.0454379
0.457447 0.045241
0.457617 0.0416545
0.45724 0.0376369
0.45691 0.0367376
0.454116 0.0294101
0.452865 0.0248818
0.451764 0.0238069
0.449694 0.0226095
0.438078 0.0248818
0.423444 0.0251052
0.418325 0.0241687
0.41096 0.0258662
0.405245 0.025515
0.401137 0.0251266
0.39778 0.0251744
0.39481 0.0253713
0.392192 0.0258556
0.392256 0.0299636
0.396204 0.0348272
0.39679 0.0357584
0.403862 0.0486147
0.404899 0.0526429
0.407784 0.0569212
0.411487 0.0612474
0.414946 0.0659408
0.41824 0.0704639
0.422651 0.0829263
0.422864 0.0867364
0.423072 0.0905252
0.422992 0.0942926
0.422747 0.0980334
0.422449 0.101742
0.421991 0.105409
0.421454 0.109054
0.421262 0.112986
0.420752 0.116679
0.420267 0.120415
0.419682 0.12406
0.418857 0.127625
0.418086 0.131265
0.417426 0.134873
0.416649 0.138491
0.415978 0.14211
0.415191 0.145712
0.414238 0.149267
0.413302 0.153338
0.412434 0.156919
0.411737 0.160048
0.411647 0.160521
0.410614 0.164076
0.409311 0.16762
0.370891 0.164443
0.37021 0.16083
0.369108 0.157249
0.368097 0.15379
0.366533 0.146409
0.36558 0.142668
0.364639 0.139077
0.363686 0.135352
0.363441 0.131637
0.362755 0.127923
0.362765 0.120367
0.362036 0.112938
0.361568 0.109245
0.361132 0.105558
0.360664 0.101843
0.359711 0.0982516
0.355523 0.0919938
0.353198 0.0881785
0.349127 0.084709
0.344929 0.0815641
0.341347 0.0784512
0.337654 0.0752265
0.334733 0.0720283
0.332487 0.0685323
0.329577 0.0612474
0.330822 0.0496896
0.331764 0.0457784
0.332583 0.0419365
0.331838 0.0382808
0.330529 0.0348272
0.32848 0.0274732
0.327597 0.0238281
0.325548 0.0203321
0.323627 0.0205822
0.321148 0.0209546
0.317992 0.021391
0.313251 0.0220668
0.312064 0.0223435
0.307706 0.0228596
0.296622 0.0208056
0.296361 0.0207259
0.290997 0.0214921
0.284106 0.0206513
0.271851 0.0205769
0.269531 0.0208695
0.268536 0.0210185
0.267216 0.0249615
0.269148 0.0284523
0.271058 0.0319431
0.272841 0.0354658
0.275848 0.0387863
0.281845 0.0492213
0.282595 0.0528664
0.284585 0.0562933
0.28848 0.0594648
0.292599 0.0627108
0.295802 0.0660419
0.298798 0.0694635
0.300778 0.0730074
0.302598 0.0766419
0.304285 0.0802391
0.305418 0.083682
0.306445 0.0872047
0.307153 0.0908497
0.307632 0.0945107
0.308435 0.0981292
0.309537 0.101817
0.311128 0.10534
0.312064 0.109011
0.313533 0.112646
0.314927 0.116136
0.316231 0.119734
0.317237 0.123379
0.318423 0.126944
0.319519 0.130546
0.320365 0.134149
0.321377 0.141413
0.321866 0.145137
0.322223 0.148841
0.322675 0.1523
0.322771 0.155988
0.323984 0.163421
0.324309 0.167173
0.324521 0.170919
0.324814 0.174548
0.324761 0.178241
0.324692 0.182019
0.324851 0.185856
0.324851 0.189591
0.324628 0.193221
0.324346 0.196914
0.324138 0.200692
0.324431 0.20455
0.324729 0.208168
0.324607 0.212031
0.324569 0.215895
0.324936 0.219619
0.325506 0.223477
0.32574 0.227197
0.325963 0.230863
0.326171 0.234748
0.326134 0.236419
0.32657 0.240101
0.326953 0.242176
0.327155 0.243863
0.327485 0.245869
0.327858 0.247567
0.32839 0.251302
0.329002 0.254995
0.329225 0.258774
0.329225 0.258795
0.329715 0.262546
0.330093 0.266314
0.330338 0.270103
0.330045 0.273886
0.329177 0.277664
0.328587 0.281368
0.328321 0.285082
0.327906 0.288796
0.327453 0.29251
0.327219 0.296225
0.326655 0.299971
0.326134 0.30369
0.325852 0.307399
0.325304 0.311098
0.324607 0.314817
0.324202 0.318563
0.323798 0.322246
0.323127 0.325981
0.322659 0.32969
0.3221 0.333415
0.321499 0.337151
0.320754 0.34086
0.319849 0.344574
0.318508 0.348294
0.316406 0.351917
0.3134 0.355621
0.310223 0.359346
0.307275 0.363081
0.304737 0.366801
0.300741 0.372702
0.297926 0.376363
0.295425 0.380056
0.293136 0.383749
0.290976 0.38741
0.289279 0.391061
0.287507 0.394791
0.285926 0.398479
0.284548 0.402177
0.283239 0.405865
0.281909 0.409589
0.280514 0.41332
0.279147 0.417029
0.277886 0.420732
0.276582 0.424415
0.275236 0.428123
0.273905 0.431832
0.272708 0.435563
0.271266 0.439277
0.269984 0.442964
0.268733 0.446684
0.267546 0.450425
0.266487 0.454086
0.265434 0.457768
0.264529 0.461397
0.263763 0.465112
0.263172 0.468767
0.263162 0.468826
0.262528 0.472673
0.261916 0.47635
0.261278 0.480065
0.260756 0.483832
0.260155 0.48752
0.257931 0.494517
0.256366 0.498215
0.255132 0.501935
0.253945 0.504356
0.251886 0.508124
0.249683 0.511838
0.2474 0.515584
0.245357 0.519277
0.243441 0.523023
0.241312 0.526674
0.239535 0.530489
0.23746 0.534054
0.235502 0.537785
0.233565 0.541509
0.231511 0.545229
0.229531 0.548933
0.227089 0.552604
0.22496 0.556313
0.222842 0.560033
0.220373 0.563566
0.216483 0.569095
0.213791 0.573347
0.213062 0.574656
0.210369 0.579163
0.207783 0.583776
0.206682 0.585218
0.205974 0.586575
0.204122 0.589619
0.202206 0.592716
0.200477 0.596308
0.198492 0.599527
0.196757 0.602406
0.194975 0.605445
0.193016 0.608744
0.191165 0.611718
0.189212 0.614645
0.187254 0.617322
0.185322 0.620131
0.183364 0.622851
0.181395 0.62558
0.179085 0.628337
0.170071 0.633796
0.164324 0.634823
0.161318 0.634877
0.157124 0.634217
0.154309 0.633711
0.152138 0.633493
0.151521 0.633408
0.149057 0.633163
0.146514 0.632871
0.146003 0.632807
0.143379 0.632551
0.140325 0.632445
0.139846 0.632445
0.136765 0.632232
0.134243 0.632317
0.130768 0.632333
0.127815 0.632541
0.124808 0.632652
0.121834 0.632769
0.120407 0.632881
0.11887 0.632892
0.115837 0.632966
0.113979 0.633174
0.111047 0.633844
0.0994948 0.632525
0.0966267 0.631402
0.0945248 0.630428
0.0895866 0.627097
0.087639 0.625149
0.0862183 0.623351
0.0831585 0.619642
0.0818973 0.617992
0.0799178 0.615305
0.0776137 0.611851
0.0738782 0.606206
0.0703821 0.603731
0.0695946 0.603194
0.0666412 0.601337
0.0636666 0.60064
0.0608943 0.600352
0.0573024 0.600267
0.0546471 0.600475
0.0528538 0.600623
0.0498473 0.601299
0.0468407 0.602369
0.0440311 0.603353
0.0406361 0.60471
0.0379223 0.606493
0.0331065 0.609292
0.0302223 0.610899
0.0279076 0.612793
0.0259973 0.615757
0.0257046 0.616257
0.0243902 0.619711
0.0245552 0.623468
0.0251725 0.627219
0.0258748 0.631099
0.0258483 0.635409
0.0257737 0.639166
0.0261675 0.642986
0.0260664 0.646653
0.0264336 0.65042
0.0266145 0.653996
0.0294242 0.658375
0.0339472 0.663271
0.0380234 0.667454
0.0411789 0.671641
0.0432542 0.675691
0.0457658 0.682688
0.0461117 0.686307
0.0463139 0.68983
0.0463299 0.689936
0.0468195 0.693443
0.0468513 0.693714
0.0476496 0.69737
0.0491236 0.705394
0.0488468 0.709109
0.0480487 0.712653
0.0474101 0.716319
0.044079 0.723263
0.0429562 0.726791
0.0430573 0.73058
0.0426422 0.738062
0.0422219 0.741765
0.0426635 0.745511
0.0450102 0.749705
0.0497994 0.754302
0.0574248 0.759347
0.0613093 0.763646
0.0635176 0.767568
0.0602823 0.789992
0.0578665 0.793403
0.0563552 0.796032
0.0548386 0.803146
0.0544981 0.80751
0.0552483 0.81754
0.0560838 0.822452
0.0577653 0.82731
0.0602184 0.833025
0.061288 0.833573
0.0645446 0.833616
0.0671521 0.83335
0.0737026 0.828119
0.077635 0.823543
0.0808384 0.819445
0.0825998 0.817631
0.0837491 0.816561
0.0877774 0.811432
0.0888044 0.810405
0.107062 0.803609
0.110877 0.804578
0.113346 0.805482
0.113767 0.805557
0.116496 0.80619
0.130215 0.817854
0.130747 0.818812
0.131997 0.82001
0.132897 0.820494
0.134605 0.821542
0.144731 0.829982
0.146077 0.829678
0.14844 0.828853
0.150622 0.827486
0.151617 0.82697
0.155869 0.825118
0.158737 0.822372
0.160376 0.819983
0.176084 0.803168
0.178942 0.80263
0.181799 0.802045
0.184635 0.801385
0.187493 0.8008
0.190452 0.800113
0.193314 0.799257
0.196199 0.798352
0.199008 0.79732
0.201717 0.796303
0.204441 0.795276
0.207128 0.7941
0.209837 0.792999
0.212939 0.79161
0.215579 0.79029
0.218287 0.78921
0.221012 0.78805
0.223699 0.786815
0.226386 0.785549
0.229095 0.784298
0.231665 0.782894
0.234251 0.781366