1546
0.405753 0.140588
0.405929 0.13498
0.406904 0.134292
0.409386 0.131785
0.410044 0.130986
0.411044 0.129441
0.412479 0.128171
0.412894 0.127756
0.413717 0.126748
0.415496 0.124585
0.417531 0.122416
0.419678 0.11983
0.419971 0.119266
0.422393 0.116447
0.423389 0.114582
0.423719 0.113785
0.42508 0.111687
0.42532 0.111354
0.426803 0.107959
0.42753 0.107021
0.430107 0.103553
0.43062 0.103139
0.431282 0.101282
0.433511 0.098748
0.433565 0.098161
0.435112 0.0945474
0.436409 0.0933361
0.436769 0.0919239
0.438072 0.0891612
0.438433 0.0878174
0.4404 0.0829816
0.440498 0.0825595
0.441194 0.079451
0.442432 0.0770389
0.442846 0.0742267
0.443532 0.071982
0.444091 0.0686762
0.444493 0.0673508
0.44485 0.0658293
0.445268 0.0643786
0.445849 0.0611607
0.445825 0.060994
0.445933 0.0587016
0.446827 0.0571141
0.447187 0.0547979
0.447378 0.0533552
0.44729 0.0520095
0.44749 0.0499645
0.447544 0.0496622
0.447933 0.0481455
0.449261 0.0462843
0.453246 0.0447548
0.453916 0.0444915
0.455157 0.0441605
0.455546 0.0435161
0.455557 0.0431985
0.455896 0.0399062
0.45579 0.0378825
0.455944 0.035325
0.455743 0.0340887
0.455905 0.0309381
0.455719 0.0277528
0.455666 0.0276299
0.454843 0.0277906
0.452924 0.0277851
0.452671 0.0277589
0.451089 0.0271932
0.450016 0.0268964
0.448718 0.0266887
0.44436 0.0268408
0.442937 0.026423
0.439471 0.0262464
0.437218 0.026489
0.435106 0.0265794
0.4333 0.0261555
0.430687 0.0266142
0.427553 0.0263039
0.426998 0.026299
0.424679 0.0268163
0.422778 0.0263857
0.421438 0.0262837
0.417982 0.0261035
0.416364 0.0259404
0.414367 0.0260785
0.413189 0.0263295
0.409945 0.0267198
0.407259 0.0256174
0.403881 0.0260412
0.403036 0.0259588
0.399872 0.0258775
0.397471 0.025635
0.395344 0.0259111
0.392524 0.0260321
0.390923 0.0258806
0.388578 0.0278902
0.383915 0.0262086
0.383146 0.0255984
0.378337 0.0250725
0.375044 0.0260278
0.372322 0.0252111
0.369654 0.0249595
0.363206 0.025555
0.359962 0.0262917
0.356344 0.0246937
0.352539 0.0255538
0.351146 0.0261145
0.346226 0.0248086
0.342959 0.0255508
0.339528 0.024538
0.33778 0.0245863
0.337421 0.024808
0.333726 0.0251403
0.329657 0.0258482
0.324341 0.0246553
0.321561 0.0243902
0.316831 0.0245906
0.316383 0.0244836
0.313224 0.0244794
0.309519 0.0267321
0.306559 0.0259674
0.301543 0.0252911
0.300982 0.0255495
0.297187 0.0254188
0.296839 0.0255227
0.292813 0.0256283
0.290421 0.0261292
0.286524 0.0261475
0.284443 0.0264016
0.283059 0.0259471
0.280734 0.0266869
0.276533 0.0260895
0.275592 0.0261842
0.272836 0.0265183
0.272128 0.0264865
0.268276 0.0265384
0.264324 0.0265568
0.263343 0.0263411
0.262345 0.0263643
0.261143 0.0265855
0.259785 0.0265409
0.257275 0.0269807
0.255348 0.0261469
0.252185 0.0265531
0.251203 0.0268035
0.248542 0.0262422
0.245258 0.0265091
0.243929 0.0265055
0.239802 0.0259954
0.236343 0.0263167
0.234659 0.0259856
0.232711 0.0266655
0.231274 0.0269037
0.229221 0.0273978
0.227317 0.0271425
0.22564 0.0259001
0.224 0.0263704
0.218853 0.0259563
0.215095 0.0259984
0.211845 0.0261481
0.209632 0.0265183
0.208151 0.0261377
0.205541 0.0260437
0.201991 0.0262538
0.199995 0.0263589
0.196348 0.0264462
0.19585 0.0263149
0.193093 0.0269703
0.191422 0.0268231
0.189821 0.0273802
0.18788 0.0277472
0.187212 0.0278211
0.187113 0.0279079
0.186989 0.0310633
0.187116 0.0326313
0.187538 0.0342542
0.187468 0.0377182
0.187218 0.0392947
0.187504 0.0420526
0.187611 0.0420917
0.188559 0.0424148
0.190167 0.0428485
0.194438 0.0482536
0.194636 0.0492804
0.195535 0.0502131
0.197418 0.0530088
0.197857 0.0543618
0.19978 0.0567183
0.20065 0.059459
0.201562 0.0621485
0.202355 0.0645862
0.204106 0.067586
0.204753 0.0682255
0.205986 0.0713089
0.207093 0.0730265
0.208111 0.0746378
0.209149 0.0773724
0.210327 0.0796783
0.210288 0.0827372
0.210321 0.0835503
0.211233 0.087603
0.211858 0.0887232
0.212646 0.090935
0.213506 0.0917352
0.214604 0.0942438
0.215594 0.0957739
0.217195 0.0986337
0.219659 0.102035
0.221232 0.104152
0.222088 0.104986
0.224648 0.107921
0.225247 0.109189
0.228026 0.111603
0.228473 0.113611
0.230464 0.1162
0.233565 0.120932
0.234833 0.122861
0.236391 0.126268
0.237284 0.128329
0.238627 0.131565
0.238679 0.131993
0.239881 0.135682
0.241009 0.138312
0.24235 0.142808
0.241403 0.145366
0.241268 0.146028
0.240517 0.149426
0.240361 0.151392
0.24035 0.152062
0.242785 0.153509
0.245623 0.156187
0.246204 0.158861
0.240286 0.162422
0.238449 0.163087
0.234484 0.164215
0.232318 0.164489
0.229546 0.164812
0.227988 0.166027
0.226356 0.166857
0.223758 0.169093
0.221714 0.170867
0.219111 0.17309
0.217745 0.17455
0.216497 0.175371
0.214824 0.176189
0.213077 0.177328
0.212019 0.178369
0.210365 0.180539
0.208702 0.182505
0.208103 0.184133
0.207447 0.186327
0.207205 0.186957
0.207188 0.188647
0.205933 0.192753
0.205727 0.194816
0.204908 0.197257
0.204887 0.199031
0.203951 0.201216
0.203155 0.202206
0.203028 0.203635
0.202852 0.204251
0.20209 0.20645
0.201526 0.210383
0.202322 0.212383
0.203119 0.214524
0.204567 0.21595
0.206305 0.217987
0.208334 0.220807
0.208474 0.221639
0.210925 0.223966
0.2141 0.225976
0.215205 0.229655
0.214944 0.23162
0.215177 0.232568
0.214421 0.236104
0.2145 0.239826
0.215098 0.242279
0.215274 0.243284
0.216365 0.245307
0.216152 0.248618
0.216391 0.249226
0.217862 0.254185
0.218982 0.257431
0.221056 0.261299
0.221899 0.262422
0.223025 0.265643
0.223899 0.267261
0.22575 0.270918
0.227042 0.274269
0.227272 0.275272
0.229275 0.278971
0.230046 0.280209
0.229751 0.283921
0.229765 0.285803
0.228372 0.289229
0.226907 0.293286
0.226366 0.296036
0.225208 0.298132
0.225129 0.300352
0.223625 0.303398
0.22318 0.306018
0.222051 0.309397
0.221476 0.312169
0.220472 0.314145
0.220297 0.31589
0.219516 0.318228
0.218222 0.32093
0.217116 0.325875
0.216907 0.327163
0.216999 0.33219
0.215572 0.333386
0.21537 0.333729
0.21472 0.335864
0.214511 0.337806
0.21349 0.342807
0.212675 0.345138
0.211687 0.351087
0.211415 0.35175
0.211206 0.355599
0.210696 0.356908
0.210172 0.359271
0.209613 0.36401
0.209379 0.365452
0.208699 0.370258
0.208479 0.373988
0.208325 0.37503
0.208796 0.379001
0.20777 0.381015
0.207724 0.382602
0.207378 0.38717
0.207452 0.388599
0.207031 0.3924
0.207496 0.393622
0.207063 0.397313
0.206775 0.399512
0.207394 0.401201
0.207389 0.402543
0.206531 0.404504
0.206634 0.406896
0.206405 0.408951
0.199755 0.411721
0.198306 0.409605
0.195723 0.407957
0.194168 0.406868
0.192673 0.405531
0.191288 0.405388
0.187668 0.405469
0.183861 0.406986
0.18353 0.406929
0.181826 0.407453
0.180474 0.407788
0.177657 0.409669
0.176295 0.413087
0.175321 0.413725
0.175171 0.414033
0.17394 0.416712
0.17316 0.418536
0.17215 0.421275
0.171364 0.425195
0.170781 0.426709
0.170342 0.42963
0.170562 0.43226
0.169381 0.434655
0.169568 0.435949
0.16967 0.438064
0.169756 0.439498
0.172515 0.443003
0.173586 0.445001
0.176357 0.446992
0.177692 0.449993
0.178629 0.450823
0.179785 0.452055
0.181016 0.455134
0.179212 0.458401
0.177137 0.459666
0.176284 0.460504
0.174028 0.461413
0.172578 0.462536
0.171657 0.462993
0.170242 0.463941
0.16883 0.46447
0.168206 0.465161
0.166303 0.4662
0.164751 0.467938
0.164257 0.468408
0.163448 0.469897
0.162271 0.470998
0.160221 0.474539
0.160201 0.474565
0.158512 0.478051
0.157801 0.481494
0.157356 0.483398
0.157058 0.487588
0.157596 0.491452
0.158922 0.493831
0.158972 0.495945
0.15895 0.496255
0.16062 0.498918
0.160875 0.500605
0.161403 0.502847
0.162098 0.503357
0.163916 0.507602
0.165136 0.510283
0.168374 0.512887
0.169474 0.516138
0.169513 0.516898
0.171285 0.519442
0.173165 0.520689
0.173928 0.521651
0.176007 0.524035
0.177852 0.525388
0.180939 0.527761
0.182701 0.52901
0.18611 0.53204
0.187924 0.533684
0.188381 0.534229
0.190385 0.53688
0.191086 0.537554
0.193829 0.540066
0.194224 0.540968
0.196249 0.543038
0.197952 0.54498
0.199769 0.546882
0.201391 0.547681
0.202155 0.548381
0.2032 0.55003
0.206222 0.552356
0.208494 0.55374
0.209472 0.554364
0.210421 0.555179
0.212806 0.557207
0.21444 0.558541
0.214775 0.558821
0.217483 0.560397
0.21858 0.562779
0.219769 0.56647
0.220199 0.568752
0.220645 0.569655
0.22172 0.571362
0.222237 0.575715
0.222717 0.577501
0.22444 0.581798
0.224996 0.584011
0.226005 0.585774
0.22683 0.588421
0.227524 0.58901
0.22856 0.59243
0.228863 0.593109
0.229274 0.59813
0.227126 0.600655
0.226515 0.602564
0.224686 0.60594
0.223357 0.60829
0.220907 0.609649
0.220243 0.612083
0.21934 0.613142
0.219462 0.619224
0.219068 0.621099
0.219249 0.625883
0.219439 0.629859
0.219706 0.633813
0.219876 0.634113
0.219642 0.640135
0.219335 0.643009
0.217643 0.646167
0.216568 0.649086
0.214189 0.651729
0.211978 0.653348
0.209569 0.655345
0.20752 0.656881
0.205231 0.65877
0.202235 0.661424
0.20025 0.663701
0.198934 0.66451
0.197539 0.667007
0.195815 0.66796
0.194979 0.668244
0.191109 0.669243
0.190489 0.669017
0.187829 0.669084
0.184397 0.66951
0.183069 0.670283
0.181355 0.670689
0.180237 0.671677
0.177438 0.67241
0.175081 0.673156
0.173517 0.673769
0.17156 0.673763
0.169296 0.674101
0.164908 0.674583
0.160864 0.674506
0.160438 0.674575
0.159172 0.67538
0.158746 0.676377
0.158353 0.677138
0.157492 0.679232
0.157524 0.679436
0.156985 0.682317
0.156832 0.682986
0.156238 0.685919
0.156033 0.687796
0.155763 0.688802
0.156191 0.691779
0.155347 0.693501
0.155522 0.697674
0.155413 0.698872
0.155187 0.700087
0.155304 0.702575
0.155192 0.704147
0.156278 0.705724
0.157262 0.708456
0.157106 0.709499
0.157827 0.711213
0.159315 0.712807
0.159655 0.715839
0.160074 0.718954
0.161832 0.724547
0.163635 0.729923
0.163646 0.73153
0.164449 0.734014
0.164984 0.738768
0.165368 0.742702
0.162382 0.746798
0.161651 0.747459
0.160702 0.75012
0.160166 0.751348
0.159886 0.753235
0.158237 0.755951
0.157979 0.756314
0.156575 0.759129
0.154426 0.760197
0.153132 0.761497
0.151069 0.764558
0.14953 0.765802
0.146869 0.769474
0.144553 0.772332
0.144222 0.773919
0.14182 0.776344
0.141323 0.779211
0.138663 0.781882
0.137016 0.786203
0.135477 0.789778
0.134718 0.793063
0.133911 0.795821
0.13299 0.798746
0.132567 0.80177
0.131761 0.805933
0.131498 0.807623
0.130998 0.811776
0.130944 0.812367
0.130383 0.815769
0.130668 0.817268
0.130005 0.820625
0.129854 0.821757
0.130491 0.824103
0.129965 0.826371
0.129648 0.827213
0.128404 0.828911
0.123254 0.830382
0.118885 0.834191
0.116622 0.835063
0.11295 0.83799
0.111158 0.840557
0.109877 0.84196
0.108294 0.842719
0.105712 0.845661
0.10505 0.849098
0.10316 0.850542
0.102081 0.854975
0.102197 0.858075
0.102917 0.859069
0.104662 0.860573
0.107423 0.861611
0.10806 0.861984
0.107237 0.869079
0.106977 0.869902
0.104233 0.873292
0.102689 0.873931
0.10195 0.874214
0.098264 0.877666
0.0967724 0.878975
0.096674 0.879909
0.0937683 0.883093
0.0925736 0.883517
0.0913214 0.884754
0.0886192 0.887797
0.086207 0.890098
0.0853085 0.892425
0.084757 0.89316
0.0813657 0.895508
0.0794795 0.898042
0.0786647 0.899293
0.0776642 0.900682
0.0771425 0.901813
0.0765012 0.90403
0.0772201 0.905536
0.0774858 0.906539
0.077691 0.9101
0.0759777 0.912045
0.0727141 0.915286
0.0702415 0.91669
0.0688055 0.918179
0.066926 0.920623
0.0642781 0.92218
0.0601203 0.926029
0.0597886 0.926404
0.0581474 0.929045
0.055103 0.930695
0.0548074 0.931856
0.0517765 0.934302
0.0515847 0.93461
0.0479742 0.937476
0.0469425 0.938983
0.0447448 0.940418
0.0415875 0.943183
0.0407263 0.944448
0.0387026 0.945794
0.0363583 0.948133
0.0346181 0.949554
0.034094 0.950241
0.0313832 0.952812
0.0306185 0.953372
0.0294048 0.954807
0.0286247 0.955911
0.0261369 0.957709
0.0237724 0.960285
0.0212015 0.963192
0.01895 0.966207
0.0183789 0.967164
0.0160554 0.970615
0.014813 0.973381
0.0146468 0.973772
0.0142034 0.976698
0.0143976 0.979325
0.0154922 0.980966
0.0169178 0.982504
0.0179104 0.982704
0.0211068 0.984458
0.025338 0.98373
0.0266408 0.982824
0.0294878 0.98225
0.0315041 0.981489
0.03631 0.97923
0.0369599 0.979387
0.0403518 0.977682
0.0428024 0.976859
0.04436 0.975093
0.0481397 0.973947
0.0492142 0.973916
0.0554512 0.970806
0.0572024 0.969735
0.0589781 0.969041
0.0645786 0.965495
0.065388 0.965482
0.0692966 0.96298
0.0718303 0.961668
0.0734575 0.960774
0.0753101 0.959391
0.0782035 0.95688
0.0808514 0.956125
0.0826289 0.954924
0.0869162 0.952393
0.0907894 0.949586
0.0922957 0.948808
0.0960632 0.94627
0.0999865 0.943108
0.100096 0.942976
0.102446 0.940437
0.104428 0.940157
0.106342 0.937766
0.107999 0.937276
0.110773 0.934806
0.113383 0.932482
0.115133 0.931812
0.119006 0.928396
0.122612 0.92576
0.124359 0.924036
0.125976 0.92191
0.129698 0.920037
0.132631 0.917278
0.134667 0.9159
0.13708 0.911815
0.140337 0.910917
0.143611 0.913628
0.145827 0.915407
0.147027 0.917412
0.147159 0.918383
0.148589 0.919486
0.150239 0.921811
0.150737 0.925092
0.147656 0.929381
0.146848 0.930442
0.144161 0.934776
0.143534 0.935301
0.142681 0.936279
0.142194 0.941644
0.140391 0.942669
0.139498 0.942898
0.137291 0.944101
0.13607 0.945221
0.134518 0.948346
0.13423 0.950572
0.134944 0.95393
0.136398 0.956954
0.136708 0.957498
0.138139 0.962047
0.138392 0.96352
0.138888 0.964989
0.139878 0.968232
0.140478 0.96896
0.141931 0.972106
0.14208 0.973093
0.143026 0.976834
0.142805 0.978393
0.142857 0.979108
0.143344 0.981797
0.144726 0.983369
0.145629 0.984124
0.146233 0.984999
0.147146 0.987543
0.148982 0.989901
0.14936 0.990316
0.152244 0.993298
0.153674 0.994661
0.156503 0.997978
0.15782 0.998595
0.160185 1.0
0.160946 0.99961
0.162635 0.999273
0.163918 0.997375
0.164744 0.99454
0.165967 0.992586
0.167888 0.989372
0.168006 0.988949
0.170165 0.986442
0.17214 0.982592
0.172864 0.981972
0.173394 0.980961
0.17437 0.978001
0.175634 0.975213
0.17597 0.972991
0.175749 0.971814
0.176751 0.968976
0.176744 0.968105
0.177265 0.965154
0.17869 0.962974
0.179146 0.9606
0.179997 0.958222
0.179315 0.954568
0.178749 0.953806
0.178183 0.952315
0.17798 0.951019
0.177535 0.949263
0.177186 0.948617
0.17573 0.945615
0.174709 0.944166
0.173584 0.94306
0.172081 0.93927
0.17191 0.93623
0.171733 0.935982
0.171039 0.934964
0.169515 0.931198
0.169376 0.930993
0.169244 0.925206
0.16899 0.923787
0.168709 0.921683
0.16856 0.921384
0.168761 0.917464
0.169165 0.916475
0.168695 0.914358
0.168612 0.913979
0.168574 0.909963
0.169177 0.90862
0.168556 0.907552
0.168298 0.904913
0.168066 0.904415
0.167738 0.901882
0.167273 0.899359
0.16647 0.89825
0.166248 0.895113
0.166217 0.894346
0.166325 0.893614
0.165176 0.891435
0.166771 0.886474
0.16835 0.884743
0.168756 0.883988
0.171917 0.881446
0.173641 0.87972
0.176541 0.876539
0.177262 0.876225
0.179544 0.87348
0.182582 0.871078
0.185082 0.86843
0.187539 0.865751
0.189317 0.864235
0.191104 0.862386
0.193917 0.859841
0.19447 0.858901
0.194805 0.858468
0.198536 0.855484
0.199718 0.854118
0.202754 0.851135
0.205434 0.847879
0.207587 0.844808
0.208767 0.842979
0.209312 0.841333
0.211118 0.839524
0.21202 0.838171
0.212829 0.836108
0.214548 0.833447
0.214926 0.833118
0.21605 0.83073
0.217095 0.829223
0.218669 0.825901
0.21939 0.825016
0.221317 0.82132
0.221868 0.820414
0.223856 0.816553
0.22412 0.815252
0.225926 0.812227
0.226529 0.810817
0.227727 0.808354
0.229451 0.804478
0.229583 0.80396
0.23076 0.801018
0.231741 0.799652
0.231693 0.799328
0.233084 0.795397
0.234604 0.792754
0.239602 0.791081
0.242629 0.792275
0.244513 0.794913
0.245055 0.800769
0.243373 0.802947
0.24332 0.803061
0.241609 0.805228
0.241386 0.805952
0.242265 0.808914
0.24438 0.812162
0.246475 0.815538
0.246664 0.816009
0.247794 0.817837
0.247534 0.821121
0.247824 0.823287
0.248542 0.827242
0.248621 0.828015
0.249252 0.832467
0.250309 0.83648
0.250862 0.839104
0.251811 0.840856
0.253287 0.844191
0.253387 0.844509
0.255209 0.846317
0.256372 0.848532
0.256852 0.849287
0.258897 0.850746
0.260579 0.851984
0.261054 0.852553
0.263164 0.854867
0.265633 0.855836
0.269284 0.858357
0.271082 0.860584
0.271711 0.862387
0.272973 0.86407
0.27462 0.86685
0.276677 0.86859
0.279353 0.870027
0.282903 0.870919
0.284776 0.870387
0.286942 0.870381
0.288522 0.870161
0.290332 0.86937
0.292556 0.868214
0.29422 0.867105
0.297317 0.865663
0.298316 0.864926
0.301009 0.863717
0.302402 0.863109
0.303366 0.861384
0.303927 0.860807
0.306289 0.858245
0.307422 0.857717
0.310231 0.856073
0.311752 0.855601
0.3158 0.855103
0.317452 0.854284
0.317945 0.854056
0.320753 0.852917
0.321245 0.851983
0.321197 0.851162
0.321287 0.847786
0.321151 0.844827
0.3205 0.843296
0.320389 0.841134
0.320201 0.84022
0.320029 0.83756
0.320008 0.835456
0.320457 0.833879
0.321867 0.831943
0.323933 0.829935
0.325103 0.829128
0.327426 0.827483
0.329661 0.827069
0.332579 0.825858
0.335809 0.825273
0.337773 0.824425
0.338433 0.824287
0.339948 0.823147
0.340648 0.82105
0.341282 0.819953
0.34222 0.818518
0.342827 0.814653
0.350035 0.815817
0.350677 0.816936
0.351206 0.818252
0.352469 0.821285
0.353135 0.822161
0.354278 0.824829
0.355271 0.826051
0.3557 0.827391
0.35717 0.828734
0.358669 0.832482
0.359758 0.833663
0.360839 0.835105
0.363693 0.839167
0.364922 0.840113
0.367519 0.843273
0.368137 0.844335
0.369457 0.845419
0.37048 0.846035
0.372149 0.848827
0.372535 0.849323
0.375779 0.852094
0.376208 0.854048
0.378968 0.857257
0.381164 0.859572
0.38308 0.861816
0.384751 0.86357
0.386552 0.865586
0.387359 0.866625
0.390469 0.868979
0.392283 0.871908
0.392823 0.872488
0.394732 0.87383
0.397005 0.877101
0.399219 0.879306
0.402347 0.882654
0.404456 0.884616
0.404848 0.885478
0.408217 0.888673
0.409561 0.890119
0.410852 0.890738
0.412725 0.893311
0.41434 0.894662
0.41622 0.895776
0.418182 0.897558
0.418671 0.898858
0.420949 0.900562
0.422278 0.901155
0.425045 0.904443
0.428392 0.907332
0.428856 0.908002
0.430201 0.908775
0.432106 0.910048
0.433704 0.912405
0.436724 0.914365
0.438708 0.91637
0.439648 0.917499
0.443331 0.917812
0.445213 0.921259
0.447022 0.923421
0.44986 0.925093
0.453106 0.92772
0.45409 0.928775
0.45753 0.931155
0.457824 0.931465
0.459916 0.931995
0.462504 0.934843
0.463142 0.935517
0.467835 0.938567
0.470149 0.940677
0.471948 0.941739
0.474386 0.943223
0.475812 0.945003
0.477729 0.945814
0.478907 0.947309
0.482579 0.950117
0.483515 0.950452
0.486319 0.951932
0.490191 0.955408
0.490594 0.955971
0.494595 0.957771
0.496427 0.95989
0.497227 0.960186
0.500343 0.962086
0.502542 0.964017
0.503989 0.964221
0.506457 0.966139
0.50887 0.967365
0.510494 0.967878
0.513078 0.9697
0.514678 0.971371
0.517665 0.972397
0.51907 0.973988
0.522503 0.97491
0.52513 0.977493
0.528232 0.978803
0.532105 0.981122
0.533156 0.981219
0.535587 0.981886
0.537847 0.983518
0.539203 0.984369
0.543857 0.98596
0.54674 0.9871
0.549697 0.988205
0.55021 0.987972
0.550729 0.987665
0.553392 0.986729
0.557368 0.99016
0.557662 0.990611
0.562218 0.990724
0.563806 0.992119
0.565798 0.992328
0.57124 0.993183
0.572798 0.993428
0.575931 0.993314
0.57857 0.99256
0.579737 0.991521
0.580598 0.990255
0.581502 0.988917
0.582339 0.986367
0.581319 0.984699
0.580769 0.982655
0.58061 0.980329
0.579028 0.979115
0.577617 0.976034
0.573909 0.972231
0.570996 0.969657
0.566922 0.966314
0.565327 0.964102
0.562585 0.962112
0.560838 0.960422
0.557729 0.95892
0.55666 0.95664
0.556648 0.956543
0.554314 0.956016
0.552262 0.953944
0.551211 0.952791
0.549788 0.950705
0.546746 0.949033
0.544346 0.946011
0.543961 0.945851
0.541322 0.945
0.539239 0.941642
0.539123 0.94101
0.537034 0.939508
0.535312 0.936787
0.533431 0.935202
0.53274 0.934128
0.530462 0.93037
0.529039 0.929151
0.528245 0.928334
0.525722 0.925403
0.525533 0.924197
0.523212 0.921872
0.520151 0.918167
0.519993 0.917657
0.516083 0.913748
0.516065 0.913184
0.514532 0.912361
0.511392 0.907856
0.509523 0.906002
0.50584 0.902083
0.503207 0.899578
0.501149 0.897653
0.497973 0.895799
0.497191 0.8937
0.495566 0.892607
0.492994 0.889639
0.489892 0.886766
0.487711 0.885854
0.485336 0.882796
0.485757 0.877906
0.488798 0.876581
0.489928 0.875449
0.49013 0.875249
0.490411 0.871951
0.4906 0.870823
0.490227 0.867717
0.489782 0.86641
0.487967 0.865021
0.487375 0.861361
0.485517 0.859363
0.484668 0.857575
0.481438 0.854209
0.480255 0.853531
0.477807 0.852845
0.475685 0.848936
0.474898 0.848521
0.47206 0.8466
0.47025 0.844497
0.46774 0.842831
0.465253 0.840736
0.464868 0.840433
0.461459 0.837669
0.462102 0.833685
0.463643 0.832011
0.464494 0.828817
0.464475 0.826619
0.463441 0.825534
0.462843 0.824288
0.459714 0.821666
0.4558 0.819719
0.45199 0.81834
0.451336 0.817919
0.446833 0.815868
0.444402 0.815397
0.441559 0.814274
0.440432 0.809508
0.444379 0.807063
0.447373 0.805238
0.449508 0.802951
0.450416 0.801151
0.451278 0.79965
0.451003 0.795972
0.449143 0.794288
0.446824 0.792319
0.445905 0.791384
0.443771 0.789734
0.440073 0.787505
0.438228 0.78699
0.436713 0.786256
0.434426 0.782766
0.432362 0.780787
0.42966 0.779383
0.427416 0.778514
0.427208 0.778411
0.424978 0.775122
0.424877 0.774139
0.425175 0.77167
0.425995 0.769809
0.428407 0.76393
0.430257 0.759655
0.430061 0.758571
0.429901 0.756761
0.432915 0.752048
0.433348 0.750647
0.434026 0.74775
0.433778 0.746164
0.432915 0.744552
0.431681 0.741639
0.429541 0.73963
0.425309 0.73683
0.42179 0.732705
0.421369 0.728651
0.419155 0.725534
0.416516 0.724107
0.414312 0.72369
0.408668 0.722487
0.406827 0.722734
0.402753 0.723736
0.401608 0.723613
0.397728 0.723007
0.394754 0.71831
0.396211 0.714336
0.397491 0.712957
0.398654 0.708374
0.399946 0.707452
0.399945 0.705406
0.400268 0.702179
0.399353 0.699786
0.399108 0.699267
0.397178 0.697163
0.396387 0.69467
0.39461 0.693595
0.391518 0.693053
0.389892 0.68711
0.390683 0.686271
0.392146 0.68276
0.392491 0.680642
0.395691 0.677981
0.396809 0.676025
0.397649 0.673148
0.399183 0.670569
0.400287 0.669794
0.400585 0.669308
0.401435 0.667188
0.402339 0.664079
0.404778 0.661937
0.406795 0.659161
0.408144 0.657172
0.408686 0.655466
0.410088 0.651882
0.411865 0.64972
0.413709 0.645689
0.414565 0.64526
0.415335 0.64369
0.416608 0.642633
0.417546 0.640471
0.416647 0.639128
0.414497 0.638065
0.411614 0.636911
0.410405 0.634795
0.407752 0.6317
0.406366 0.628272
0.405448 0.625316
0.404982 0.623286
0.404801 0.622835
0.403688 0.617902
0.403302 0.616488
0.402466 0.612767
0.401213 0.609573
0.403455 0.605676
0.404766 0.603906
0.407183 0.60002
0.407676 0.598671
0.409478 0.595563
0.410576 0.59469
0.4119 0.591432
0.413098 0.590333
0.41333 0.589972
0.415385 0.586888
0.416024 0.585289
0.416478 0.584648
0.418576 0.581828
0.419183 0.580299
0.42146 0.577298
0.421467 0.577196
0.422152 0.574908
0.424261 0.573219
0.42493 0.572231
0.425934 0.57135
0.42784 0.568699
0.430166 0.56637
0.431648 0.564725
0.434244 0.562322
0.436477 0.560773
0.4385 0.560068
0.442092 0.559934
0.444807 0.560245
0.446949 0.560792
0.450272 0.562203
0.453242 0.56304
0.455187 0.564433
0.455975 0.565275
0.457276 0.565962
0.459974 0.567616
0.461783 0.569504
0.462619 0.569828
0.467445 0.572409
0.471354 0.573068
0.473302 0.574801
0.476402 0.575085
0.478919 0.57491
0.4801 0.574794
0.481345 0.573495
0.481495 0.572781
0.482108 0.571564
0.480824 0.569948
0.482415 0.564582
0.485536 0.564215
0.487149 0.564103
0.489409 0.564493
0.491211 0.56452
0.493086 0.563728
0.493318 0.562152
0.493269 0.560662
0.492579 0.558682
0.494271 0.551429
0.49421 0.550212
0.49435 0.548529
0.493031 0.547181
0.492445 0.547139
0.488865 0.547015
0.485522 0.547591
0.483544 0.54875
0.48168 0.549566
0.479386 0.549821
0.477589 0.549583
0.474697 0.548742
0.473159 0.548677
0.469841 0.546885
0.468374 0.545999
0.46454 0.544455
0.464231 0.539158
0.463524 0.536548
0.462151 0.536197
0.460512 0.535795
0.458932 0.535964
0.456746 0.535947
0.455523 0.535572
0.454472 0.535222
0.45338 0.535125
0.450548 0.535079
0.449684 0.534925
0.447475 0.53466
0.447046 0.534834
0.443463 0.534567
0.442306 0.535118
0.439766 0.53528
0.43801 0.535813
0.435668 0.536843
0.433979 0.537578
0.431228 0.539406
0.430893 0.539446
0.428822 0.540656
0.42632 0.542008
0.426047 0.542158
0.4242 0.543165
0.423384 0.544033
0.422342 0.54464
0.42094 0.545315
0.419251 0.546718
0.418329 0.547189
0.416647 0.548366
0.414228 0.550245
0.414085 0.550434
0.412794 0.551691
0.41103 0.552714
0.408877 0.554332
0.407991 0.555296
0.405178 0.557231
0.403182 0.558806
0.401264 0.560318
0.398668 0.562479
0.397069 0.563837
0.393956 0.566475
0.392122 0.568454
0.390787 0.569407
0.389277 0.57107
0.387392 0.57316
0.386387 0.573826
0.384515 0.576137
0.383551 0.576945
0.383162 0.577695
0.381586 0.579157
0.37953 0.581185
0.377426 0.583724
0.375838 0.585523
0.375571 0.585687
0.374717 0.5869
0.373946 0.587517
0.372139 0.589343
0.371932 0.589909
0.370257 0.592757
0.368793 0.59457
0.362441 0.593561
0.361203 0.59194
0.360232 0.588355
0.363057 0.584483
0.365553 0.581205
0.36854 0.57762
0.36957 0.575577
0.371391 0.574239
0.373955 0.570673
0.374764 0.570079
0.376175 0.56769
0.378371 0.566695
0.382045 0.563003
0.384195 0.560427
0.38597 0.559045
0.389285 0.555475
0.390871 0.554177
0.393167 0.551186
0.393725 0.550344
0.395424 0.548848
0.396533 0.547167
0.398321 0.543879
0.399217 0.542222
0.401145 0.53813
0.401159 0.537229
0.402317 0.534297
0.404246 0.531939
0.406073 0.528214
0.407395 0.524341
0.409324 0.519289
0.410193 0.516756
0.41037 0.513925
0.41176 0.51189
0.412403 0.510567
0.413036 0.50773
0.41481 0.504948
0.414693 0.503116
0.416498 0.49981
0.417372 0.499076
0.418903 0.495439
0.419863 0.493456
0.421734 0.488575
0.422997 0.48746
0.424997 0.483634
0.425155 0.482495
0.426257 0.479779
0.427817 0.477879
0.429452 0.473705
0.430747 0.470577
0.430985 0.469773
0.434255 0.465399
0.436311 0.46191
0.437565 0.461014
0.439453 0.456985
0.442329 0.453931
0.444278 0.450887
0.446587 0.446855
0.447051 0.445422
0.44953 0.441182
0.451442 0.438789
0.453323 0.435632
0.455572 0.432365
0.45582 0.432166
0.458242 0.429081
0.459971 0.426876
0.46216 0.423745
0.463559 0.421097
0.465431 0.418553
0.466458 0.416056
0.466702 0.414726
0.466222 0.413221
0.465987 0.411207
0.465358 0.408703
0.464209 0.406256
0.462871 0.403867
0.461812 0.40223
0.460664 0.400922
0.459144 0.399114
0.456824 0.396527
0.454252 0.394819
0.452686 0.392652
0.450977 0.389715
0.450902 0.389143
0.450987 0.385917
0.451223 0.384193
0.452116 0.382448
0.454678 0.379169
0.456231 0.378313
0.456792 0.375335
0.458488 0.373576
0.458663 0.373408
0.458869 0.36962
0.456872 0.367621
0.454691 0.366207
0.45137 0.364055
0.448618 0.36287
0.444105 0.361247
0.442509 0.36062
0.44053 0.359709
0.439678 0.358766
0.436245 0.355596
0.43445 0.353767
0.432931 0.352076
0.431655 0.350558
0.429558 0.350809
0.425161 0.34584
0.425019 0.343019
0.424531 0.339261
0.423914 0.335686
0.423212 0.332026
0.422787 0.329789
0.422159 0.326807
0.422026 0.326153
0.421436 0.32327
0.420494 0.320468
0.420469 0.320046
0.419144 0.316587
0.418974 0.315676
0.417922 0.312963
0.417502 0.311067
0.416262 0.307936
0.416262 0.307507
0.41494 0.303769
0.413679 0.301965
0.413544 0.301504
0.412957 0.299059
0.41209 0.298017
0.41056 0.293768
0.408897 0.290553
0.407184 0.2873
0.407106 0.28645
0.40673 0.285447
0.406479 0.28254
0.406661 0.281518
0.406456 0.280298
0.406114 0.276857
0.405393 0.272993
0.405582 0.271665
0.40518 0.268118
0.404588 0.26437
0.404456 0.262629
0.40382 0.260006
0.403177 0.257204
0.402936 0.256519
0.401775 0.25391
0.40062 0.252836
0.399319 0.251229
0.396536 0.249534
0.395094 0.24831
0.39322 0.246955
0.392559 0.246681
0.389435 0.242942
0.388604 0.239101
0.388611 0.238455
0.388372 0.235413
0.388484 0.23471
0.388829 0.231441
0.389151 0.23048
0.389187 0.23008
0.389918 0.227764
0.391122 0.223091
0.39184 0.221114
0.392009 0.220553
0.391172 0.218127
0.39206 0.21447
0.392428 0.212266
0.392331 0.209582
0.393368 0.206276
0.394084 0.204062
0.3948 0.202585
0.39538 0.200092
0.397068 0.198472
0.397799 0.197707
0.399469 0.194889
0.401218 0.192688
0.402498 0.190471
0.404631 0.187086
0.406803 0.183527
0.408072 0.181396
0.410135 0.178684
0.410537 0.177204
0.409761 0.174674
0.410549 0.172022
0.411858 0.169371
0.411337 0.167348
0.412193 0.16479
0.412445 0.164264
0.41347 0.162506
0.414561 0.159408
0.415094 0.155678
0.415343 0.152887
0.414763 0.151201
0.414952 0.148018
0.414366 0.146564
0.413978 0.145224
0.413609 0.143612
0.41261 0.144
0.411409 0.144173
0.407272 0.142248
0.406852 0.141635
0.405753 0.140588