545
0.368529 0.0344279
0.367138 0.0337068
0.358127 0.0271405
0.352987 0.0250307
0.348015 0.0243902
0.343448 0.0246889
0.340565 0.0261906
0.335507 0.0285398
0.331975 0.0315915
0.326515 0.0345598
0.324254 0.0371244
0.321991 0.0390001
0.315959 0.0452004
0.310876 0.0516321
0.309546 0.0533194
0.304676 0.0607199
0.301697 0.0667829
0.301105 0.068785
0.295068 0.0783491
0.294628 0.0787555
0.289132 0.0841134
0.282608 0.0876226
0.277587 0.0917265
0.272228 0.0959946
0.268621 0.09857
0.263389 0.101237
0.26126 0.103094
0.248278 0.109942
0.243945 0.112456
0.241343 0.11403
0.238637 0.115936
0.231633 0.120134
0.231458 0.120204
0.227006 0.122607
0.222563 0.126046
0.217274 0.129254
0.210902 0.135632
0.208054 0.137696
0.202311 0.144622
0.201139 0.146162
0.19774 0.150887
0.195798 0.153452
0.193822 0.157747
0.189976 0.163751
0.187444 0.169496
0.18429 0.173745
0.182314 0.178945
0.179658 0.185107
0.177602 0.188589
0.175262 0.194666
0.173371 0.20113
0.170587 0.212675
0.169723 0.217026
0.168309 0.224645
0.164709 0.231467
0.163023 0.234545
0.15966 0.238864
0.155473 0.246394
0.153429 0.250402
0.149775 0.258903
0.147135 0.265497
0.146406 0.268314
0.144195 0.27447
0.142907 0.27728
0.142341 0.27859
0.141296 0.280874
0.140231 0.283133
0.139692 0.284121
0.138013 0.288173
0.137587 0.289013
0.136418 0.291501
0.135648 0.293308
0.135239 0.294371
0.134315 0.297036
0.132028 0.30207
0.13138 0.304048
0.129971 0.307175
0.129553 0.308066
0.119323 0.320623
0.112259 0.323322
0.101282 0.326691
0.0997568 0.327034
0.0958568 0.327374
0.0932094 0.327751
0.0894459 0.329405
0.0872045 0.330611
0.0852249 0.332332
0.0825863 0.334632
0.0803627 0.336057
0.0782354 0.338779
0.0773349 0.339796
0.0764062 0.342714
0.0754589 0.346247
0.0743666 0.349192
0.0739366 0.350515
0.0732423 0.354025
0.0732041 0.356293
0.0726368 0.36011
0.0723082 0.362812
0.0720292 0.366679
0.0715383 0.369749
0.0705593 0.373752
0.069914 0.377414
0.0690039 0.38206
0.0687057 0.383635
0.0685181 0.386778
0.0677539 0.39107
0.0673825 0.393326
0.0668873 0.396437
0.066742 0.397325
0.0660907 0.402782
0.0657221 0.406808
0.0656306 0.409902
0.065383 0.413506
0.065671 0.415957
0.065636 0.418815
0.0654314 0.420844
0.0654557 0.425532
0.0656467 0.428386
0.0655875 0.430532
0.0653884 0.432667
0.065383 0.43956
0.0656064 0.448175
0.0660262 0.45767
0.0644896 0.470281
0.0638626 0.47208
0.0637199 0.47255
0.0620407 0.47653
0.0613518 0.478821
0.0592662 0.48411
0.0589405 0.484699
0.0578103 0.488229
0.0574362 0.489272
0.0564325 0.491764
0.0553156 0.495324
0.0549093 0.496271
0.0543442 0.498066
0.052603 0.501963
0.0519975 0.503802
0.0513463 0.505447
0.050582 0.507007
0.0498151 0.508818
0.048117 0.512824
0.0473177 0.5151
0.0461121 0.518346
0.04499 0.520581
0.0441746 0.522042
0.0426191 0.527445
0.0417956 0.529472
0.0403505 0.533594
0.0397935 0.535332
0.0388624 0.538138
0.0376971 0.541579
0.0370836 0.543756
0.0352321 0.549823
0.034815 0.552145
0.0339215 0.555159
0.0328263 0.558066
0.030738 0.564869
0.0289888 0.570967
0.026852 0.577949
0.0259451 0.582893
0.0252105 0.586497
0.024535 0.590564
0.0235689 0.593507
0.0231895 0.598881
0.0225463 0.60125
0.022035 0.602934
0.0208913 0.609617
0.0202104 0.613167
0.0193762 0.620622
0.0190022 0.626409
0.0180522 0.631772
0.0180361 0.634989
0.0175382 0.639143
0.0174871 0.645418
0.017261 0.647498
0.0168681 0.651483
0.0167309 0.657824
0.0167901 0.661614
0.0163515 0.665633
0.0164026 0.670879
0.0160635 0.673959
0.0161953 0.67805
0.0162411 0.686382
0.0160581 0.691625
0.0165479 0.697888
0.0165022 0.698855
0.0169489 0.703095
0.0169004 0.706863
0.0175005 0.712938
0.0176136 0.716321
0.0181329 0.721469
0.0190398 0.724621
0.0217282 0.727955
0.0239564 0.731063
0.0243574 0.731733
0.0263892 0.735291
0.0276405 0.738455
0.029971 0.745136
0.0315292 0.74874
0.0328289 0.761812
0.0332057 0.765909
0.0343548 0.769956
0.036871 0.775198
0.0385933 0.780003
0.0404528 0.784048
0.0430928 0.791053
0.0441934 0.793559
0.0456358 0.797262
0.0487548 0.803685
0.0504959 0.806148
0.0532893 0.810211
0.0547263 0.813026
0.0567204 0.817281
0.0599416 0.823554
0.0622533 0.827779
0.0661527 0.832776
0.0713255 0.837066
0.0760324 0.842824
0.0836436 0.850513
0.088796 0.856797
0.0924114 0.861754
0.0950436 0.865346
0.0974556 0.870341
0.102363 0.88396
0.10315 0.88758
0.103305 0.890171
0.104572 0.893465
0.106412 0.897448
0.108968 0.901754
0.112402 0.907047
0.114822 0.909695
0.116665 0.912462
0.119893 0.91659
0.124696 0.923458
0.127484 0.925998
0.130478 0.929921
0.134649 0.934208
0.135967 0.935772
0.140944 0.940584
0.145932 0.943853
0.150889 0.948374
0.157386 0.951803
0.158713 0.952403
0.166373 0.957066
0.168163 0.957796
0.174252 0.961447
0.178561 0.963912
0.184056 0.967807
0.187992 0.969026
0.192914 0.970885
0.19899 0.973953
0.200871 0.97472
0.20843 0.978684
0.215265 0.981604
0.222272 0.984044
0.226557 0.985032
0.230455 0.986399
0.234488 0.98747
0.237969 0.989096
0.243071 0.990611
0.245337 0.99106
0.249855 0.991981
0.256303 0.993135
0.259109 0.993291
0.263916 0.994467
0.2671 0.994946
0.27063 0.995724
0.277956 0.996921
0.284378 0.997731
0.290811 0.998961
0.296883 0.999139
0.301955 0.999769
0.306695 0.999647
0.312075 0.999909
0.317114 0.999978
0.322135 0.999656
0.325992 0.999987
0.331387 0.999483
0.331693 0.999486
0.337062 1.0
0.348045 0.999257
0.35093 0.998412
0.353648 0.997866
0.356022 0.997336
0.363159 0.997451
0.369029 0.996999
0.371518 0.997182
0.37469 0.996453
0.38199 0.99634
0.387222 0.996041
0.39377 0.99511
0.395223 0.994793
0.398684 0.99405
0.404039 0.992922
0.405759 0.992492
0.409119 0.991757
0.411866 0.991286
0.414374 0.990646
0.419503 0.988802
0.427126 0.987446
0.430498 0.986448
0.433871 0.985029
0.436661 0.983942
0.440187 0.983116
0.443885 0.981518
0.446231 0.980277
0.448332 0.978929
0.451933 0.977115
0.459565 0.974093
0.467951 0.968366
0.472124 0.966283
0.474603 0.965226
0.479142 0.962836
0.483773 0.959095
0.489035 0.955899
0.493763 0.950839
0.497018 0.947607
0.499983 0.944585
0.503131 0.940772
0.509807 0.935349
0.515109 0.930322
0.516838 0.927623
0.522429 0.921558
0.525179 0.919257
0.528454 0.916867
0.531614 0.915247
0.539812 0.910947
0.541162 0.90927
0.545849 0.904932
0.548936 0.900928
0.553757 0.897098
0.557955 0.894746
0.559447 0.89388
0.566245 0.89093
0.574111 0.887615
0.583068 0.884598
0.587434 0.882238
0.588211 0.881447
0.591029 0.879138
0.594738 0.874095
0.597475 0.869886
0.601103 0.865634
0.604006 0.860997
0.605044 0.859625
0.608404 0.854568
0.612155 0.848952
0.615532 0.844396
0.618202 0.840077
0.621649 0.834851
0.624031 0.830351
0.627604 0.823188
0.629817 0.817299
0.632255 0.812824
0.634504 0.807326
0.636625 0.803069
0.639176 0.796226
0.640481 0.791705
0.641679 0.787695
0.642481 0.784971
0.64426 0.781001
0.645266 0.777199
0.646948 0.767534
0.649125 0.7627
0.651464 0.75486
0.652362 0.747828
0.653345 0.74027
0.65342 0.73746
0.653573 0.733319
0.653573 0.731619
0.65448 0.725802
0.654871 0.72431
0.65493 0.718551
0.656719 0.712214
0.656883 0.711805
0.65789 0.708773
0.658132 0.700718
0.658382 0.697302
0.65775 0.683362
0.657963 0.676985
0.657718 0.671704
0.657995 0.668219
0.657833 0.664451
0.657885 0.661688
0.658224 0.658653
0.658183 0.656037
0.657715 0.651235
0.656905 0.646049
0.655893 0.643102
0.655823 0.642825
0.655067 0.637917
0.653592 0.631216
0.65261 0.626182
0.652567 0.624477
0.652567 0.617288
0.652782 0.614175
0.651275 0.60591
0.650263 0.601847
0.649739 0.597869
0.64831 0.59297
0.647823 0.590847
0.647505 0.587749
0.646017 0.582327
0.645115 0.579341
0.644085 0.574107
0.641754 0.566957
0.640853 0.563178
0.639704 0.559103
0.639316 0.557898
0.638315 0.555552
0.637852 0.554119
0.636598 0.549707
0.635382 0.546825
0.633401 0.541781
0.631996 0.538008
0.63148 0.536653
0.631154 0.535738
0.63085 0.534995
0.630583 0.534415
0.629749 0.53219
0.628183 0.528265
0.627497 0.52591
0.625223 0.519773
0.623861 0.516781
0.622588 0.513042
0.622187 0.510822
0.618678 0.503067
0.618054 0.501373
0.616038 0.495894
0.614488 0.492668
0.613129 0.48926
0.611434 0.485792
0.610425 0.48262
0.609841 0.480857
0.607615 0.475879
0.605839 0.471757
0.605203 0.469872
0.603815 0.466479
0.602284 0.462345
0.601635 0.459756
0.600006 0.450311
0.600049 0.448597
0.60007 0.446847
0.600103 0.445
0.600015 0.441196
0.600208 0.43782
0.600379 0.435859
0.600426 0.432801
0.600829 0.429947
0.601088 0.426309
0.601344 0.424063
0.601546 0.419986
0.601592 0.419289
0.602222 0.414427
0.602252 0.413057
0.60271 0.409167
0.602868 0.407065
0.602423 0.404931
0.601993 0.402415
0.601212 0.399386
0.599725 0.395594
0.598988 0.393203
0.597333 0.390306
0.59475 0.387363
0.591687 0.383335
0.585559 0.377497
0.57885 0.37166
0.578613 0.371403
0.572732 0.366742
0.562881 0.357579
0.560717 0.35264
0.560156 0.351394
0.55942 0.349564
0.558129 0.346076
0.557005 0.343499
0.555484 0.338893
0.553559 0.33414
0.553107 0.332794
0.552845 0.331883
0.551213 0.327742
0.549797 0.323561
0.547832 0.319044
0.546235 0.314263
0.543369 0.305618
0.54036 0.299174
0.538787 0.295347
0.537774 0.291339
0.536481 0.287122
0.535033 0.283544
0.533693 0.279114
0.532767 0.276876
0.531489 0.272872
0.531024 0.269809
0.530142 0.268298
0.52855 0.264526
0.527723 0.262289
0.524558 0.255713
0.520612 0.247661
0.519752 0.238851
0.519425 0.237914
0.517139 0.22842
0.516428 0.223113
0.514665 0.216092
0.513537 0.211111
0.511614 0.205931
0.509772 0.197478
0.508583 0.193269
0.50738 0.189846
0.506282 0.186819
0.504381 0.181186
0.503853 0.180032
0.501238 0.176482
0.49864 0.168597
0.493648 0.160651
0.49308 0.160083
0.490387 0.157214
0.485994 0.149838
0.478945 0.142314
0.477035 0.139905
0.471872 0.135427
0.469597 0.133215
0.464338 0.129504
0.462007 0.12706
0.453617 0.121525
0.451883 0.120841
0.445212 0.117553
0.441562 0.115222
0.439567 0.113675
0.438184 0.11273
0.430998 0.109439
0.429284 0.10811
0.420981 0.100782
0.414068 0.0947002
0.409033 0.0901603
0.405771 0.0875742
0.398059 0.0815596
0.392466 0.069657
0.390723 0.0668125
0.388572 0.0622053
0.387493 0.0589841
0.385893 0.0560939
0.380655 0.0482951
0.374536 0.0404479
0.368529 0.0344279