199
0.479647 0.475431
0.485607 0.468002
0.488457 0.461401
0.495272 0.442846
0.498945 0.435604
0.498911 0.430138
0.500771 0.421484
0.505112 0.412587
0.505346 0.406062
0.508032 0.391218
0.508529 0.383016
0.50878 0.370368
0.509366 0.360354
0.508432 0.348905
0.508762 0.337435
0.508062 0.325697
0.507624 0.313612
0.506488 0.299745
0.50559 0.289608
0.505877 0.279713
0.502528 0.270042
0.508067 0.246922
0.504594 0.239488
0.505626 0.200001
0.509361 0.19549
0.503017 0.189829
0.504178 0.146441
0.506942 0.142387
0.495886 0.100093
0.49828 0.0946901
0.479126 0.0643939
0.480857 0.0571075
0.452154 0.0343481
0.429258 0.0314688
0.418315 0.0260881
0.400172 0.0243902
0.371555 0.0298366
0.348042 0.047418
0.334263 0.0767446
0.337649 0.08341
0.327125 0.113128
0.317628 0.144125
0.285758 0.141584
0.253887 0.144125
0.24439 0.113128
0.233867 0.08341
0.237253 0.0767446
0.223474 0.047418
0.19996 0.0298366
0.171344 0.0243902
0.1532 0.0260881
0.142257 0.0314688
0.119362 0.0343481
0.0906588 0.0571075
0.0923896 0.0643939
0.073235 0.0946901
0.0756295 0.100093
0.0645733 0.142387
0.0673372 0.146441
0.0684978 0.189829
0.062154 0.19549
0.0658892 0.200001
0.0669211 0.239488
0.0634479 0.246922
0.0689873 0.270042
0.0656381 0.279713
0.0659255 0.289608
0.065027 0.299745
0.0638917 0.313612
0.0634531 0.325697
0.062753 0.337435
0.0630837 0.348905
0.0621494 0.360354
0.0627351 0.370368
0.0629862 0.383016
0.0634837 0.391218
0.0661691 0.406062
0.0664034 0.412587
0.0707446 0.421484
0.0726048 0.430138
0.0725701 0.435604
0.0762436 0.442846
0.0830584 0.461401
0.0859083 0.468002
0.0918685 0.475431
0.0965981 0.488646
0.0985211 0.495272
0.102786 0.502123
0.111918 0.516006
0.112863 0.522978
0.115274 0.528939
0.117868 0.557036
0.108346 0.569783
0.0983607 0.588752
0.0948488 0.605137
0.0933719 0.628264
0.0955673 0.648876
0.102342 0.673066
0.102114 0.675021
0.10762 0.699724
0.116544 0.727844
0.12107 0.750219
0.10028 0.782464
0.0811741 0.789672
0.0734624 0.794436
0.066823 0.798235
0.0539892 0.803237
0.0416991 0.814408
0.0276106 0.828192
0.0200801 0.842904
0.0136075 0.858563
0.0198175 0.871405
0.0245517 0.879262
0.0363219 0.883187
0.0533532 0.887457
0.0804405 0.889641
0.106172 0.890366
0.124331 0.889647
0.132757 0.888732
0.13331 0.888711
0.146833 0.88861
0.163284 0.925559
0.157812 0.944063
0.154619 0.961469
0.155073 0.976382
0.155613 0.979665
0.161419 0.991363
0.171265 0.998388
0.183345 1.0
0.18585 0.998493
0.195822 0.995541
0.197052 0.994001
0.20686 0.984352
0.207257 0.983482
0.216408 0.969151
0.224421 0.95266
0.230563 0.938359
0.256572 0.927977
0.261106 0.928874
0.270186 0.930234
0.272843 0.930628
0.285758 0.93147
0.298672 0.930628
0.301329 0.930234
0.31041 0.928874
0.314943 0.927977
0.340952 0.938359
0.347095 0.95266
0.355107 0.969151
0.364259 0.983482
0.364656 0.984352
0.374464 0.994001
0.375694 0.995541
0.385665 0.998493
0.388171 1.0
0.400251 0.998388
0.410096 0.991363
0.415902 0.979665
0.416442 0.976382
0.416896 0.961469
0.413703 0.944063
0.408231 0.925559
0.424683 0.88861
0.438205 0.888711
0.438758 0.888732
0.447185 0.889647
0.465344 0.890366
0.491075 0.889641
0.518162 0.887457
0.535193 0.883187
0.546964 0.879262
0.551698 0.871405
0.557908 0.858563
0.551435 0.842904
0.543905 0.828192
0.529816 0.814408
0.517526 0.803237
0.504692 0.798235
0.498053 0.794436
0.490341 0.789672
0.471236 0.782464
0.450445 0.750219
0.454971 0.727844
0.463896 0.699724
0.469402 0.675021
0.469173 0.673066
0.475948 0.648876
0.478143 0.628264
0.476667 0.605137
0.473155 0.588752
0.463169 0.569783
0.453647 0.557036
0.456242 0.528939
0.458652 0.522978
0.459597 0.516006
0.468729 0.502123
0.472994 0.495272
0.474917 0.488646
0.479647 0.475431