247
0.688909 0.021767
0.686209 0.021767
0.674045 0.0190489
0.671536 0.0190489
0.66426 0.0190489
0.652699 0.0166721
0.650465 0.0166721
0.643987 0.0166721
0.633596 0.0166721
0.62371 0.0147046
0.62185 0.0147046
0.616455 0.0147046
0.607801 0.0147046
0.596167 0.0147046
0.585919 0.0132148
0.584546 0.0132148
0.580562 0.0132148
0.574173 0.0132148
0.565583 0.0132148
0.554997 0.0132148
0.54262 0.0132148
0.538166 0.0122709
0.537408 0.0122709
0.535208 0.0122709
0.531681 0.0122709
0.526937 0.0122709
0.521092 0.0122709
0.514258 0.0122709
0.506548 0.0122709
0.498074 0.0122709
0.488951 0.0122709
0.479291 0.0119411
0.46963 0.0122709
0.460507 0.0122709
0.452034 0.0122709
0.444323 0.0122709
0.437489 0.0122709
0.431644 0.0122709
0.426901 0.0122709
0.423373 0.0122709
0.421174 0.0122709
0.420415 0.0122709
0.415962 0.0132148
0.403584 0.0132148
0.392998 0.0132148
0.384408 0.0132148
0.378019 0.0132148
0.374035 0.0132148
0.372662 0.0132148
0.362415 0.0147046
0.35078 0.0147046
0.342127 0.0147046
0.336731 0.0147046
0.334871 0.0147046
0.324985 0.0166721
0.314595 0.0166721
0.308116 0.0166721
0.305883 0.0166721
0.294321 0.0190489
0.287045 0.0190489
0.284536 0.0190489
0.272372 0.021767
0.269673 0.021767
0.260131 0.0247579
0.254752 0.0279536
0.252375 0.0312858
0.243955 0.04433
0.235464 0.0513696
0.225153 0.0599786
0.213932 0.0702252
0.202711 0.0821777
0.1924 0.0959044
0.183909 0.111473
0.158882 0.11861
0.13017 0.134946
0.105006 0.151897
0.0833453 0.169428
0.0651417 0.187504
0.0503499 0.206093
0.0389243 0.225159
0.0308195 0.244668
0.02599 0.264587
0.0243902 0.284881
0.0266647 0.303373
0.0334882 0.31818
0.0448607 0.329712
0.0607823 0.338378
0.0812528 0.344587
0.106272 0.348749
0.135841 0.351274
0.169958 0.352571
0.208625 0.353048
0.240506 0.351991
0.25184 0.375861
0.254824 0.381235
0.257966 0.385414
0.261086 0.3884
0.264001 0.390191
0.26653 0.390788
0.26927 0.390788
0.277219 0.390788
0.289968 0.390788
0.305061 0.390191
0.307108 0.390788
0.312464 0.391419
0.314612 0.391419
0.320845 0.391419
0.332146 0.395149
0.334041 0.395149
0.339538 0.395149
0.354193 0.398606
0.355804 0.398606
0.360478 0.398606
0.37715 0.402064
0.378466 0.402064
0.382282 0.402064
0.388402 0.402064
0.399562 0.405794
0.400589 0.405794
0.403567 0.405794
0.419972 0.41007
0.420736 0.41007
0.436924 0.415165
0.437804 0.455196
0.43001 0.463998
0.424945 0.472118
0.424976 0.479147
0.432466 0.484674
0.433066 0.484674
0.434807 0.484674
0.437602 0.484674
0.449783 0.48829
0.450161 0.48829
0.451258 0.48829
0.453019 0.48829
0.455389 0.48829
0.458312 0.48829
0.461733 0.48829
0.465597 0.48829
0.469848 0.48829
0.479291 0.489587
0.488733 0.48829
0.492984 0.48829
0.496848 0.48829
0.500269 0.48829
0.503192 0.48829
0.505562 0.48829
0.507323 0.48829
0.508421 0.48829
0.508799 0.48829
0.520979 0.484674
0.523774 0.484674
0.525515 0.484674
0.526115 0.484674
0.533606 0.479147
0.533636 0.472118
0.528572 0.463998
0.520778 0.455196
0.521657 0.415165
0.537846 0.41007
0.53861 0.41007
0.555014 0.405794
0.557993 0.405794
0.55902 0.405794
0.570179 0.402064
0.576299 0.402064
0.580115 0.402064
0.581431 0.402064
0.598103 0.398606
0.602777 0.398606
0.604388 0.398606
0.619043 0.395149
0.624541 0.395149
0.626436 0.395149
0.637736 0.391419
0.643969 0.391419
0.646118 0.391419
0.651474 0.390788
0.65352 0.390191
0.668614 0.390788
0.681362 0.390788
0.689311 0.390788
0.692051 0.390788
0.69458 0.390191
0.697495 0.3884
0.700615 0.385414
0.703757 0.381235
0.706741 0.375861
0.718075 0.351991
0.729183 0.328188
0.739835 0.304522
0.749805 0.28106
0.758865 0.257872
0.799419 0.239027
0.81854 0.251355
0.831929 0.266958
0.841316 0.284881
0.848427 0.304169
0.854993 0.323866
0.862741 0.343018
0.873401 0.360668
0.888701 0.375861
0.89322 0.378932
0.897556 0.38132
0.901529 0.383026
0.904956 0.38405
0.907655 0.384391
0.910216 0.38448
0.917166 0.384724
0.927409 0.385082
0.939847 0.385517
0.953382 0.38599
0.96557 0.386172
0.966917 0.386464
0.977349 0.386617
0.979355 0.386899
0.98705 0.386984
0.989598 0.387257
0.993632 0.387233
0.996548 0.3875
0.999109 0.387589
1.0 0.386916
0.998616 0.385355
0.994845 0.382958
0.988571 0.379776
0.979681 0.375861
0.977134 0.375861
0.970219 0.375861
0.945457 0.355323
0.922424 0.328916
0.907215 0.298278
0.896465 0.265048
0.886806 0.230862
0.874872 0.197359
0.857298 0.166175
0.830716 0.138949
0.791762 0.117319
0.766181 0.0959044
0.75587 0.0821777
0.744649 0.0702252
0.733428 0.0599786
0.723117 0.0513696
0.714626 0.04433
0.706206 0.0312858
0.70383 0.0279536
0.69845 0.0247579
0.688909 0.021767