117
0.223859 0.186187
0.231104 0.21758
0.238348 0.248974
0.243178 0.282782
0.248008 0.31659
0.255252 0.347984
0.257667 0.384207
0.262497 0.418015
0.263704 0.436127
0.264912 0.454238
0.269742 0.488046
0.272157 0.52427
0.245593 0.531514
0.211785 0.526684
0.175561 0.52427
0.139338 0.521855
0.103115 0.52427
0.0741367 0.533929
0.0451582 0.543589
0.028254 0.565322
0.0210094 0.596716
0.0210094 0.620865
0.0306689 0.649843
0.047573 0.671577
0.0717218 0.686066
0.0982854 0.698141
0.129679 0.705385
0.161072 0.71263
0.197295 0.715045
0.233518 0.71746
0.272157 0.71746
0.274571 0.758512
0.262497 0.785076
0.257667 0.818884
0.257667 0.852693
0.264912 0.884086
0.274571 0.913064
0.289061 0.937213
0.30838 0.956532
0.330114 0.973436
0.356677 0.985511
0.385656 0.99517
0.419464 1.0
0.453272 0.99517
0.484666 0.987926
0.508814 0.973436
0.532963 0.958947
0.549867 0.937213
0.564356 0.913064
0.574016 0.884086
0.578846 0.850278
0.578846 0.816469
0.574016 0.782661
0.564356 0.753683
0.581261 0.71746
0.617484 0.715045
0.653707 0.71746
0.692345 0.71746
0.728568 0.715045
0.757547 0.705385
0.78894 0.698141
0.813089 0.683651
0.834823 0.666747
0.851727 0.645013
0.861386 0.616035
0.856556 0.582227
0.839652 0.560493
0.815504 0.546003
0.786525 0.536344
0.750302 0.533929
0.711664 0.533929
0.675441 0.531514
0.644047 0.52427
0.629558 0.500121
0.631973 0.463898
0.634388 0.427674
0.639218 0.393866
0.644047 0.360058
0.651292 0.328665
0.658537 0.297271
0.665781 0.265878
0.675441 0.236899
0.6851 0.207921
0.69476 0.178942
0.702004 0.147549
0.706834 0.113741
0.702004 0.0799324
0.68993 0.0533687
0.668196 0.0364646
0.639218 0.0268051
0.605409 0.0268051
0.578846 0.0388795
0.559527 0.0581985
0.545037 0.0823472
0.532963 0.108911
0.520889 0.135475
0.511229 0.164453
0.499155 0.191017
0.489495 0.219995
0.477421 0.246559
0.438783 0.251389
0.429123 0.22241
0.421879 0.191017
0.417049 0.157208
0.409804 0.125815
0.400145 0.0968365
0.385656 0.0726877
0.368752 0.0509539
0.347018 0.0340497
0.318039 0.0243902
0.284231 0.02922
0.255252 0.0388795
0.235933 0.0581985
0.221444 0.0823472
0.216614 0.116156
0.219029 0.152379
0.223859 0.186187