1411
0.7904 0.146732
0.789243 0.145374
0.787876 0.14353
0.786396 0.140709
0.784943 0.138498
0.78462 0.137921
0.78421 0.137688
0.782194 0.136588
0.773448 0.133331
0.77107 0.1309
0.768723 0.128843
0.767361 0.127134
0.764094 0.12426
0.762885 0.123303
0.761294 0.12182
0.759976 0.12063
0.759218 0.119781
0.757499 0.118424
0.756285 0.117573
0.754503 0.115946
0.753024 0.114828
0.750987 0.112896
0.746494 0.109422
0.74379 0.107359
0.742918 0.106418
0.741136 0.105301
0.739038 0.103857
0.737802 0.102737
0.735332 0.101329
0.73209 0.0985567
0.730852 0.0976305
0.728377 0.0965121
0.724515 0.0944651
0.722369 0.0934882
0.731276 0.0687164
0.732778 0.0688021
0.734418 0.0688921
0.737353 0.0691536
0.739228 0.0693805
0.741759 0.0696376
0.745634 0.070048
0.747335 0.0700718
0.749767 0.0700042
0.752932 0.0700132
0.753786 0.0699058
0.756434 0.0698937
0.759506 0.0690716
0.761985 0.0679856
0.763353 0.0673499
0.765721 0.0655832
0.767916 0.0642935
0.771244 0.0621848
0.774514 0.0606679
0.777231 0.0593952
0.777941 0.0591307
0.778679 0.0588935
0.780696 0.0584115
0.781896 0.0580163
0.786371 0.0574474
0.788284 0.0571153
0.790924 0.056829
0.792137 0.0566651
0.795032 0.05617
0.798063 0.0556598
0.800388 0.0548455
0.802442 0.0540786
0.807827 0.0524127
0.810414 0.0517536
0.818472 0.0508104
0.819895 0.0507136
0.822557 0.0505076
0.823435 0.0500848
0.824845 0.0488689
0.826527 0.047644
0.826466 0.046841
0.824994 0.0446859
0.821471 0.0323043
0.820181 0.0305363
0.81815 0.0289996
0.815154 0.0270764
0.813104 0.0264222
0.81136 0.0257319
0.805144 0.0210928
0.804133 0.0203292
0.803249 0.0198572
0.801188 0.0192547
0.798579 0.0189162
0.797313 0.0188054
0.793268 0.0185333
0.789015 0.0186673
0.787318 0.0185916
0.78478 0.0189118
0.782388 0.0190867
0.780397 0.0189203
0.777187 0.0180354
0.775819 0.0176774
0.773993 0.0172402
0.772823 0.0168536
0.767257 0.0149657
0.766119 0.0147945
0.763568 0.0144342
0.761586 0.0143015
0.75833 0.0142343
0.755685 0.014536
0.751979 0.0148218
0.750665 0.0147232
0.749734 0.0147402
0.747214 0.0147191
0.745951 0.0146467
0.742497 0.0147895
0.741719 0.0147851
0.739973 0.015017
0.739312 0.0150739
0.73688 0.015059
0.732244 0.0144736
0.730333 0.0154083
0.72855 0.0160272
0.727254 0.0164288
0.723689 0.0177526
0.714945 0.0184207
0.713861 0.0183909
0.710509 0.0177879
0.707085 0.0183411
0.698805 0.0169163
0.697907 0.0164802
0.693605 0.016936
0.691976 0.0173495
0.68455 0.0173861
0.679399 0.0169267
0.678319 0.0167138
0.675905 0.0162789
0.67488 0.0162469
0.672821 0.0160828
0.671615 0.0159166
0.669795 0.0158604
0.667903 0.0161014
0.665154 0.01602
0.663654 0.0159508
0.656995 0.0151609
0.653786 0.0155795
0.650505 0.0160835
0.64567 0.0160656
0.643087 0.0159359
0.641464 0.0156638
0.639754 0.0153808
0.632792 0.016058
0.629349 0.0167167
0.626581 0.0168295
0.622764 0.0160939
0.619146 0.0156771
0.616865 0.015188
0.614009 0.0150047
0.612302 0.014772
0.605785 0.0142554
0.60377 0.0145715
0.601089 0.0148449
0.597795 0.0149978
0.591807 0.0148689
0.589662 0.0150632
0.58745 0.0150057
0.586958 0.0150472
0.583834 0.0150222
0.580984 0.0151352
0.579889 0.0151504
0.575097 0.0147253
0.571915 0.014522
0.566122 0.0155783
0.564302 0.0165573
0.561931 0.0174778
0.559551 0.0187864
0.558318 0.0193326
0.554966 0.0215531
0.55347 0.0225708
0.550953 0.0251754
0.550791 0.0264613
0.550705 0.0280871
0.551635 0.0299102
0.552338 0.0303311
0.55649 0.0308492
0.556896 0.0309224
0.560171 0.0317794
0.564713 0.0325535
0.567431 0.0335356
0.568641 0.0339734
0.57083 0.0348979
0.572278 0.0355648
0.57468 0.0363084
0.575244 0.0365266
0.579234 0.0373738
0.588287 0.0596444
0.584906 0.0626626
0.58411 0.0631438
0.580727 0.0662528
0.57938 0.0676391
0.577197 0.0694361
0.575927 0.0710493
0.57475 0.0738875
0.565287 0.0813822
0.562617 0.0825211
0.559878 0.0832477
0.556345 0.0842784
0.554527 0.084776
0.552593 0.0853419
0.551346 0.0857064
0.549048 0.0868439
0.547265 0.0874636
0.546548 0.0878338
0.545651 0.0883357
0.54373 0.0891445
0.541939 0.0900646
0.538657 0.0917144
0.534797 0.0932509
0.533882 0.0935649
0.532651 0.0943721
0.530165 0.0956925
0.528443 0.0969899
0.526499 0.0980566
0.523545 0.0996984
0.52163 0.100751
0.520023 0.101533
0.516881 0.103747
0.515803 0.10459
0.512379 0.106534
0.510725 0.107814
0.509 0.108839
0.507638 0.109746
0.50544 0.111458
0.504275 0.112138
0.5024 0.113594
0.501469 0.114275
0.500331 0.115123
0.4974 0.117242
0.497167 0.117411
0.49562 0.118576
0.494965 0.119075
0.492339 0.120954
0.490255 0.122556
0.489509 0.123127
0.488441 0.123846
0.487407 0.124448
0.484768 0.1263
0.482423 0.127287
0.479711 0.12882
0.478913 0.12948
0.478034 0.13182
0.47222 0.141608
0.469839 0.143507
0.469061 0.143975
0.44896 0.138849
0.447402 0.135741
0.445691 0.133088
0.442511 0.127076
0.439939 0.124851
0.436863 0.121592
0.434719 0.119326
0.432949 0.117753
0.43163 0.116486
0.427884 0.112805
0.42718 0.112334
0.424318 0.109767
0.42154 0.107345
0.420202 0.106172
0.41929 0.105481
0.418008 0.104275
0.416479 0.102974
0.415857 0.102351
0.414012 0.100936
0.41376 0.10074
0.413453 0.100502
0.411315 0.0985551
0.409513 0.0973278
0.407369 0.0957069
0.405751 0.0944941
0.404743 0.0937201
0.403739 0.0931018
0.402086 0.0918396
0.40061 0.0907245
0.398378 0.088885
0.397058 0.0881642
0.39446 0.086389
0.397863 0.060743
0.399693 0.0604407
0.399991 0.0603525
0.402695 0.0596058
0.403409 0.0594933
0.405201 0.058634
0.408719 0.0569151
0.411821 0.0555956
0.412654 0.0551183
0.415163 0.0536731
0.41617 0.0529071
0.418508 0.0511535
0.422511 0.049097
0.42488 0.0480766
0.42724 0.0466315
0.431812 0.0439958
0.43526 0.0428906
0.436994 0.0423057
0.439884 0.0413151
0.44227 0.0408363
0.445006 0.0404058
0.446599 0.0398625
0.449176 0.0393069
0.451378 0.0390663
0.453282 0.0386082
0.455733 0.038202
0.458293 0.0377015
0.460396 0.0374954
0.463203 0.0372035
0.463804 0.0370008
0.467042 0.0358762
0.46823 0.0355627
0.471288 0.0341285
0.474787 0.0331619
0.475391 0.0323827
0.475708 0.0318404
0.476177 0.0310326
0.47587 0.0292211
0.475731 0.0268515
0.47533 0.0255961
0.473183 0.0239101
0.469548 0.0218944
0.466376 0.0206549
0.464406 0.0203488
0.457623 0.0175491
0.455482 0.0170771
0.453573 0.017008
0.450953 0.0166448
0.448355 0.0162534
0.447774 0.0161069
0.443403 0.0152106
0.439995 0.0149094
0.436087 0.0146037
0.434444 0.0146179
0.432223 0.0143462
0.429928 0.0140912
0.428556 0.0138481
0.428197 0.0137993
0.425418 0.0140822
0.422021 0.0143146
0.420254 0.0142668
0.417754 0.0149543
0.414497 0.0162109
0.409385 0.0166017
0.40764 0.0162999
0.406476 0.0162979
0.404422 0.0161337
0.403051 0.0162947
0.400356 0.0163347
0.396192 0.0164292
0.394748 0.0166313
0.392584 0.0167465
0.392267 0.0167826
0.39 0.0169299
0.387772 0.0168017
0.387472 0.0167567
0.386986 0.0168206
0.384652 0.0168944
0.382268 0.016749
0.380383 0.0164635
0.377843 0.0162124
0.376927 0.0162242
0.374809 0.0160497
0.372485 0.0157913
0.370588 0.0156789
0.368125 0.0154603
0.366368 0.0152165
0.362988 0.014938
0.36158 0.0149349
0.359985 0.0148147
0.358885 0.0146705
0.357474 0.0144511
0.355169 0.0145236
0.353884 0.0144866
0.351376 0.0143586
0.348958 0.0144559
0.347513 0.0145665
0.345151 0.0145569
0.341788 0.0147734
0.340737 0.0150647
0.336289 0.0153613
0.333993 0.015382
0.331299 0.0154467
0.330685 0.0154651
0.32767 0.0153399
0.32538 0.0154809
0.324337 0.0154866
0.322992 0.0154007
0.319372 0.0153548
0.316755 0.0153567
0.312887 0.0148419
0.310617 0.0145547
0.306308 0.0139234
0.301283 0.0131227
0.297936 0.0129149
0.296633 0.0128007
0.295253 0.0126485
0.293689 0.0125245
0.28943 0.0127485
0.287039 0.0124765
0.286315 0.0124713
0.284584 0.0124486
0.281498 0.0125998
0.278168 0.0126157
0.274065 0.0118512
0.272504 0.0113043
0.270503 0.0109857
0.266906 0.0109518
0.262367 0.011353
0.26178 0.011341
0.259588 0.0116918
0.257337 0.0118372
0.256569 0.0121935
0.254627 0.0133275
0.247324 0.0170312
0.244106 0.0171913
0.24285 0.0172797
0.240817 0.0172889
0.239282 0.0172799
0.236676 0.0169589
0.234214 0.0166694
0.230406 0.0163741
0.229202 0.0161203
0.227702 0.0163407
0.223371 0.0161885
0.222159 0.0161248
0.218616 0.0156462
0.217156 0.0155182
0.21494 0.0151209
0.212591 0.0153612
0.211036 0.0162102
0.208316 0.0173256
0.205229 0.0194426
0.204791 0.0196916
0.203207 0.0208748
0.201716 0.0221398
0.199403 0.0253556
0.198409 0.0280372
0.198084 0.0308099
0.198695 0.0325909
0.199354 0.0330083
0.201725 0.0334392
0.203189 0.0336097
0.204968 0.0336572
0.206997 0.0338033
0.210839 0.0341026
0.214349 0.0345232
0.215849 0.0348278
0.220686 0.0353911
0.221719 0.0356328
0.226045 0.0359903
0.227021 0.0362706
0.229774 0.0365451
0.231237 0.0369051
0.234844 0.0377567
0.241443 0.0583337
0.240158 0.0606942
0.239548 0.0621205
0.237992 0.065238
0.236829 0.0677471
0.23604 0.0691715
0.23496 0.0712643
0.231636 0.0752131
0.230148 0.0764864
0.227376 0.0783726
0.225233 0.0801942
0.222476 0.0821086
0.218288 0.0844489
0.214653 0.0866393
0.213514 0.0873258
0.211116 0.088828
0.208066 0.0915192
0.207184 0.0922819
0.203485 0.0944048
0.201897 0.0953718
0.201024 0.0963489
0.200432 0.0978917
0.200231 0.0983207
0.195879 0.105012
0.192713 0.109337
0.192099 0.109892
0.191606 0.110296
0.189885 0.111897
0.188128 0.113524
0.186077 0.115347
0.184919 0.116608
0.18397 0.117523
0.182347 0.119554
0.180721 0.121444
0.179002 0.123324
0.176918 0.126415
0.174393 0.129725
0.173819 0.130608
0.16963 0.135377
0.166233 0.13838
0.165873 0.138829
0.163667 0.141052
0.162609 0.142097
0.161337 0.144546
0.159678 0.147461
0.158789 0.149452
0.15815 0.151832
0.15706 0.155582
0.156375 0.158033
0.155738 0.160539
0.1551 0.162075
0.153874 0.164448
0.15344 0.165719
0.152416 0.168163
0.151679 0.170323
0.151293 0.171198
0.149845 0.174846
0.148619 0.177854
0.148313 0.178969
0.147013 0.18204
0.145795 0.185612
0.14428 0.189088
0.14415 0.189679
0.143063 0.192824
0.141476 0.197049
0.140441 0.199746
0.139177 0.202112
0.137523 0.204524
0.13759 0.205975
0.138254 0.207291
0.139164 0.216547
0.13701 0.221402
0.135491 0.224768
0.134989 0.226207
0.133497 0.230458
0.132915 0.232365
0.131447 0.235298
0.13048 0.237083
0.129838 0.238327
0.127906 0.241065
0.126281 0.243587
0.124858 0.245623
0.121445 0.2502
0.120079 0.251411
0.118194 0.256161
0.116448 0.258793
0.113496 0.261392
0.110786 0.263655
0.109765 0.264244
0.10934 0.26458
0.106366 0.266284
0.105762 0.266663
0.103579 0.268045
0.102253 0.269827
0.100972 0.271245
0.10028 0.272396
0.0985778 0.27476
0.0976684 0.276677
0.096978 0.278217
0.0960159 0.280023
0.0941388 0.283653
0.0925764 0.287272
0.0920742 0.288236
0.0913128 0.291168
0.0900474 0.293734
0.0898018 0.294537
0.0888979 0.298024
0.0880516 0.299844
0.0872793 0.301235
0.0864349 0.303392
0.0843606 0.308317
0.0827696 0.311465
0.0811154 0.314192
0.0798419 0.316168
0.077684 0.319619
0.0765998 0.320817
0.0752143 0.322637
0.0739845 0.324122
0.0730983 0.325211
0.0715439 0.326774
0.0698687 0.328498
0.0672786 0.330517
0.0656813 0.33171
0.0622838 0.334205
0.0567017 0.336523
0.0532331 0.337316
0.0518023 0.337383
0.0502907 0.337731
0.0482715 0.337951
0.0445878 0.338443
0.0415245 0.33906
0.0404149 0.339202
0.036781 0.339484
0.033922 0.339937
0.0298618 0.340991
0.0284051 0.341591
0.0263872 0.342553
0.0255717 0.343421
0.0247097 0.344544
0.0245532 0.345014
0.0243902 0.346922
0.0248105 0.348864
0.0266419 0.351109
0.0289023 0.353073
0.030553 0.353802
0.0316209 0.354129
0.0357581 0.356039
0.0362958 0.356143
0.0403206 0.357344
0.0429029 0.358039
0.0462569 0.358671
0.0478532 0.358745
0.0501631 0.358985
0.0518464 0.35923
0.056669 0.359478
0.0599398 0.359494
0.0615547 0.359393
0.063523 0.359352
0.065143 0.359068
0.0680187 0.358849
0.0703346 0.358363
0.0715344 0.358219
0.0730044 0.358157
0.075032 0.35777
0.0911062 0.376258
0.0890628 0.379607
0.0880224 0.38138
0.085499 0.385261
0.0843405 0.386832
0.081918 0.391118
0.0802104 0.392847
0.079437 0.394159
0.0776622 0.396876
0.0761047 0.399688
0.0755872 0.400761
0.0743517 0.403442
0.0732479 0.406954
0.0732112 0.407128
0.0722397 0.410412
0.0713639 0.414975
0.0712289 0.417002
0.0710023 0.419679
0.07091 0.421301
0.0710639 0.424537
0.0717312 0.428864
0.0721078 0.430164
0.0728696 0.432381
0.0748475 0.435904
0.0759848 0.437087
0.0793092 0.438449
0.0811621 0.438291
0.0821365 0.437308
0.0839116 0.434285
0.0845511 0.431999
0.0855114 0.42912
0.0869193 0.425538
0.0870477 0.42508
0.0880318 0.422008
0.0891782 0.419241
0.0910896 0.416
0.092082 0.414357
0.0931159 0.412979
0.0946852 0.410833
0.0961134 0.409365
0.0982797 0.407095
0.1011 0.404225
0.102397 0.403039
0.10422 0.401078
0.105412 0.399563
0.107931 0.396628
0.109863 0.394651
0.111736 0.392376
0.113546 0.390893
0.115567 0.389072
0.117493 0.38697
0.119554 0.384808
0.120655 0.383564
0.121623 0.382393
0.124346 0.379738
0.124981 0.379288
0.128042 0.376148
0.128922 0.3752
0.130606 0.373438
0.152202 0.376203
0.153109 0.377813
0.154896 0.381655
0.155665 0.383019
0.157128 0.38495
0.157843 0.386078
0.159533 0.388314
0.1629 0.392451
0.165502 0.394886
0.167134 0.396216
0.169602 0.398885
0.171452 0.400142
0.173775 0.402039
0.175069 0.402729
0.177949 0.404702
0.179547 0.405297
0.181263 0.406194
0.183124 0.406344
0.186654 0.404589
0.18728 0.402102
0.187113 0.400358
0.186938 0.3995
0.186666 0.398329
0.186254 0.396446
0.185207 0.394176
0.184607 0.392604
0.18275 0.388853
0.181803 0.386662
0.179162 0.381504
0.178854 0.380719
0.177466 0.377868
0.176609 0.375538
0.175365 0.371837
0.174199 0.36713
0.173566 0.363835
0.173536 0.360841
0.173588 0.359267
0.173734 0.357469
0.174178 0.355374
0.174991 0.351318
0.175323 0.349411
0.176204 0.345751
0.176303 0.345387
0.176967 0.34259
0.177264 0.341615
0.178037 0.339156
0.178536 0.337209
0.179556 0.334595
0.179769 0.333765
0.180489 0.331424
0.181944 0.327711
0.182324 0.325707
0.183475 0.322756
0.183812 0.321399
0.184918 0.316746
0.185158 0.315888
0.18588 0.31192
0.186659 0.308014
0.187218 0.30422
0.187871 0.299957
0.188112 0.296924
0.189042 0.291699
0.209198 0.281924
0.210171 0.282296
0.21161 0.282307
0.21444 0.282484
0.21668 0.280495
0.217204 0.27799
0.216934 0.274936
0.216723 0.274119
0.215369 0.269276
0.213719 0.264835
0.213255 0.263779
0.212215 0.260187
0.211106 0.255813
0.210524 0.254236
0.209028 0.250753
0.207365 0.246968
0.206154 0.242561
0.206108 0.242297
0.205905 0.239224
0.206326 0.236305
0.206606 0.234866
0.207658 0.231787
0.209375 0.228791
0.211272 0.225811
0.213661 0.222484
0.215734 0.220165
0.217057 0.218346
0.219291 0.215984
0.222075 0.21285
0.22269 0.21228
0.224267 0.210285
0.226147 0.20864
0.228534 0.206155
0.22955 0.205317
0.231829 0.20347
0.232412 0.20297
0.235052 0.201236
0.237331 0.200057
0.242488 0.19727
0.24444 0.196398
0.249672 0.194361
0.250283 0.19414
0.253759 0.192723
0.255996 0.192281
0.260366 0.191515
0.267032 0.190835
0.269526 0.190526
0.272689 0.190612
0.273742 0.190591
0.276462 0.190641
0.279447 0.190737
0.282562 0.19112
0.285396 0.191446
0.287274 0.191924
0.289917 0.192339
0.29163 0.192881
0.293014 0.193497
0.295003 0.19376
0.296183 0.19406
0.300295 0.195054
0.302487 0.196007
0.304114 0.196412
0.306297 0.196997
0.308308 0.197851
0.311339 0.198886
0.312254 0.199327
0.31471 0.200371
0.317527 0.201619
0.319457 0.202567
0.322949 0.204181
0.32454 0.205332
0.326985 0.206568
0.327957 0.207233
0.329309 0.208132
0.332756 0.210592
0.335558 0.212635
0.337091 0.21395
0.339053 0.215714
0.341797 0.2184
0.343171 0.220079
0.344803 0.221787
0.347004 0.22434
0.347386 0.224728
0.349363 0.227049
0.351462 0.22957
0.352999 0.231646
0.354439 0.233575
0.356746 0.236534
0.357957 0.238339
0.359039 0.239607
0.360922 0.242099
0.361658 0.243244
0.362309 0.244173
0.364711 0.246881
0.366031 0.248226
0.368006 0.250812
0.370111 0.252795
0.370998 0.253843
0.37172 0.25449
0.374529 0.25751
0.375861 0.258821
0.378032 0.261289
0.379297 0.26238
0.380216 0.263224
0.382627 0.265541
0.383909 0.266774
0.384594 0.267407
0.386241 0.269229
0.388787 0.271744
0.391646 0.274409
0.393176 0.275839
0.396213 0.296326
0.39369 0.29987
0.392167 0.303348
0.392074 0.304204
0.39221 0.305766
0.392537 0.306856
0.393358 0.308154
0.394116 0.308871
0.395199 0.309563
0.396581 0.309875
0.398626 0.309689
0.40133 0.309642
0.403468 0.308733
0.406821 0.308072
0.408515 0.307991
0.411359 0.307921
0.413905 0.30778
0.415106 0.307735
0.416667 0.307615
0.417497 0.307604
0.41938 0.306913
0.420108 0.306724
0.421005 0.306288
0.422636 0.305238
0.4287 0.303238
0.431973 0.302406
0.43485 0.302077
0.43856 0.302035
0.441662 0.302376
0.442566 0.30247
0.445444 0.302734
0.446252 0.302775
0.447704 0.302962
0.452035 0.304027
0.45458 0.304514
0.455936 0.304677
0.457988 0.304984
0.4592 0.305178
0.463903 0.305347
0.466479 0.30557
0.468775 0.305463
0.470362 0.30541
0.472571 0.305423
0.475856 0.305369
0.480343 0.304791
0.482174 0.304633
0.48575 0.304031
0.487455 0.303507
0.490485 0.302887
0.491231 0.302676
0.492493 0.302401
0.494439 0.301934
0.495601 0.301766
0.49828 0.300867
0.500626 0.300135
0.502884 0.299341
0.506249 0.298323
0.509219 0.296827
0.511596 0.295633
0.514262 0.294215
0.518086 0.291844
0.519502 0.290941
0.521951 0.289312
0.524174 0.28791
0.527209 0.28607
0.530006 0.284057
0.533676 0.281983
0.535817 0.280776
0.538956 0.279423
0.543471 0.277429
0.544805 0.2766
0.546155 0.275947
0.548475 0.275044
0.549413 0.274774
0.549898 0.274576
0.553092 0.273514
0.554584 0.272774
0.559354 0.270858
0.562306 0.269105
0.581431 0.276858
0.58241 0.278745
0.583621 0.281831
0.584863 0.284049
0.58633 0.285575
0.588612 0.286231
0.590687 0.285767
0.592104 0.284048
0.59397 0.282305
0.59458 0.281422
0.595641 0.279607
0.596105 0.276958
0.596054 0.275598
0.596573 0.271955
0.596707 0.271316
0.596817 0.26801
0.596492 0.26313
0.596415 0.26039
0.596675 0.257064
0.596743 0.254628
0.597424 0.251308
0.598363 0.246727
0.598654 0.245866
0.600611 0.241799
0.606001 0.23651
0.606298 0.236155
0.60778 0.234021
0.610478 0.231498
0.612041 0.230311
0.619702 0.227218
0.620712 0.226757
0.631594 0.226703
0.636647 0.227751
0.641732 0.230413
0.6432 0.231396
0.644985 0.232869
0.647576 0.234286
0.649783 0.235638
0.653017 0.238691
0.656721 0.241534
0.658138 0.24252
0.658729 0.242911
0.660377 0.24427
0.662113 0.245934
0.665529 0.248585
0.666484 0.249475
0.668825 0.251172
0.672243 0.253923
0.675324 0.256302
0.678539 0.258415
0.678915 0.258624
0.683088 0.261172
0.688001 0.265213
0.689642 0.282369
0.6892 0.283472
0.688613 0.284763
0.688483 0.286362
0.688564 0.286971
0.689809 0.289034
0.691364 0.291341
0.692565 0.293415
0.695334 0.296067
0.696666 0.297554
0.698871 0.299283
0.701293 0.301728
0.703089 0.303061
0.705269 0.304931
0.707671 0.306489
0.7083 0.306936
0.710895 0.308498
0.711765 0.308959
0.714093 0.31044
0.714467 0.333319
0.711377 0.335335
0.707586 0.338131
0.706692 0.338816
0.705627 0.339752
0.703697 0.341174
0.699808 0.344609
0.699228 0.345134
0.697095 0.347426
0.696291 0.348263
0.695296 0.349588
0.693708 0.35158
0.692506 0.353213
0.69217 0.353794
0.690452 0.356182
0.689151 0.358268
0.687393 0.360954
0.686467 0.362806
0.685145 0.365044
0.684615 0.366514
0.683986 0.368031
0.682778 0.370781
0.6823 0.371819
0.681209 0.375027
0.68031 0.377401
0.679804 0.37984
0.679453 0.381358
0.679057 0.382589
0.678206 0.384649
0.677712 0.387001
0.677574 0.389194
0.67723 0.390827
0.676919 0.392646
0.676795 0.393517
0.676723 0.396217
0.676458 0.398481
0.676529 0.400317
0.676489 0.403408
0.676748 0.404932
0.677191 0.40816
0.67721 0.409326
0.677571 0.411531
0.677647 0.412651
0.678116 0.414951
0.678532 0.418146
0.67958 0.421105
0.680518 0.424185
0.681629 0.426985
0.682324 0.429141
0.682817 0.431012
0.683645 0.433601
0.68416 0.435445
0.686145 0.439641
0.687921 0.442485
0.6912 0.446662
0.691753 0.44719
0.693023 0.448378
0.695029 0.449024
0.696157 0.448592
0.696642 0.44774
0.698041 0.445558
0.69863 0.444741
0.70975 0.433444
0.710723 0.432658
0.711952 0.430421
0.712351 0.429576
0.713013 0.427684
0.714361 0.4246
0.71472 0.422964
0.71505 0.421459
0.715247 0.420072
0.715752 0.417452
0.716247 0.413646
0.716735 0.412078
0.717238 0.408989
0.731209 0.399177
0.73429 0.39901
0.736542 0.398803
0.739618 0.397884
0.74034 0.397691
0.742247 0.396949
0.742843 0.396666
0.744366 0.395861
0.74567 0.394658
0.754427 0.388985
0.756361 0.388119
0.75751 0.387768
0.759445 0.386888
0.762566 0.384913
0.78004 0.386113
0.781477 0.386587
0.783777 0.386223
0.78509 0.385685
0.785926 0.385393
0.804071 0.404071
0.801493 0.407147
0.79974 0.409624
0.796897 0.413408
0.794969 0.417212
0.794335 0.418269
0.792109 0.4227
0.790059 0.426505
0.788772 0.428748
0.787895 0.430691
0.787232 0.433502
0.787403 0.436331
0.787329 0.4377
0.787098 0.442219
0.786429 0.445545
0.787225 0.44595
0.788744 0.445011
0.791076 0.442085
0.79217 0.440354
0.793777 0.436808
0.796587 0.43355
0.798143 0.431859
0.801222 0.429445
0.803609 0.428309
0.804124 0.428057
0.806659 0.426239
0.809198 0.424326
0.810063 0.423593
0.813179 0.420383
0.814818 0.419017
0.816448 0.417039
0.818975 0.414465
0.822381 0.41077
0.824854 0.408278
0.826853 0.406168
0.830024 0.403138
0.830218 0.402945
0.833828 0.399512
0.835863 0.39792
0.840784 0.395103
0.842269 0.394627
0.845825 0.393769
0.848466 0.393294
0.850373 0.393145
0.852783 0.393196
0.856987 0.393477
0.857967 0.393553
0.859508 0.393758
0.861237 0.394142
0.864182 0.394745
0.866025 0.395048
0.870299 0.396023
0.880342 0.40663
0.881251 0.409528
0.881882 0.410246
0.883228 0.410386
0.88428 0.410431
0.885481 0.409525
0.898192 0.407143
0.901668 0.408052
0.904067 0.408381
0.907549 0.408995
0.911401 0.409025
0.911773 0.409001
0.914357 0.408841
0.917817 0.40808
0.925381 0.409423
0.929085 0.411264
0.930834 0.412313
0.933371 0.412951
0.938877 0.414684
0.940457 0.414306
0.943787 0.41318
0.943957 0.413086
0.945587 0.412256
0.949595 0.41109
0.951544 0.408838
0.952538 0.407181
0.953522 0.405731
0.954576 0.404069
0.95601 0.401077
0.956412 0.400391
0.958375 0.397599
0.959091 0.396811
0.960114 0.39452
0.962228 0.390188
0.964293 0.387222
0.966378 0.384538
0.968761 0.382482
0.971117 0.380319
0.972914 0.378779
0.974948 0.37671
0.975467 0.37622
0.97752 0.374016
0.979293 0.371985
0.981433 0.369369
0.984541 0.366062
0.985652 0.362723
0.986326 0.361487
0.988345 0.358946
0.990388 0.355581
0.991663 0.352487
0.991753 0.352106
0.992751 0.349389
0.992613 0.34744
0.991762 0.344204
0.992776 0.336632
0.993836 0.334186
0.994858 0.331863
0.995447 0.330196
0.996995 0.326348
0.997384 0.324855
0.997879 0.323078
0.99841 0.321328
0.999311 0.317588
0.999815 0.31511
1.0 0.313572
0.998354 0.31114
0.996126 0.310898
0.992462 0.311281
0.991144 0.312463
0.989696 0.313578
0.988106 0.315021
0.986132 0.316484
0.984581 0.318571
0.982025 0.32082
0.97029 0.32414
0.966793 0.323958
0.964087 0.323369
0.959819 0.322433
0.958495 0.321865
0.955757 0.32086
0.955508 0.320788
0.952497 0.319574
0.950025 0.318674
0.947761 0.317836
0.944656 0.317171
0.943127 0.316608
0.941727 0.316404
0.939978 0.316322
0.936703 0.315876
0.933951 0.315495
0.932266 0.315036
0.928537 0.313653
0.927277 0.313055
0.924265 0.311674
0.922108 0.311005
0.91952 0.31071
0.912539 0.287411
0.913946 0.285593
0.914491 0.285004
0.9152 0.284187
0.917008 0.281771
0.917582 0.280348
0.918193 0.27916
0.920189 0.273629
0.920258 0.273132
0.920707 0.269548
0.920997 0.26598
0.921256 0.261801
0.938315 0.248548
0.940864 0.249226
0.942337 0.249709
0.945678 0.250909
0.947621 0.251633
0.949879 0.252453
0.952925 0.253866
0.955858 0.25489
0.9577 0.255777
0.958994 0.256367
0.962813 0.257428
0.965244 0.256924
0.966876 0.255698
0.967145 0.255386
0.968176 0.25424
0.968007 0.252706
0.966421 0.249899
0.964294 0.247691
0.9626 0.245926
0.9598 0.242947
0.956516 0.240334
0.955402 0.239275
0.953837 0.237848
0.950333 0.23515
0.949551 0.2344
0.948349 0.233557
0.945689 0.231392
0.948617 0.208841
0.951396 0.206496
0.952659 0.205443
0.964212 0.200079
0.966596 0.199978
0.968343 0.200016
0.97098 0.200106
0.973864 0.200641
0.97538 0.200404
0.982017 0.199974
0.984565 0.20049
0.988385 0.201508
0.99114 0.202062
0.993202 0.20214
0.994645 0.201741
0.99596 0.200254
0.995487 0.197847
0.995396 0.197562
0.994798 0.196193
0.993488 0.19467
0.991657 0.192749
0.990822 0.192074
0.988451 0.190163
0.988104 0.189872
0.987333 0.189303
0.9854 0.187672
0.983333 0.186233
0.980689 0.184095
0.979224 0.183131
0.975783 0.181475
0.972856 0.179898
0.970659 0.17895
0.969096 0.178295
0.966847 0.177294
0.965442 0.17691
0.960175 0.174401
0.956732 0.17269
0.955331 0.172186
0.955122 0.172115
0.952447 0.171499
0.950607 0.171008
0.947997 0.170804
0.94425 0.169587
0.942533 0.169064
0.937345 0.167182
0.935284 0.166314
0.931843 0.1646
0.928258 0.162528
0.924242 0.159681
0.92282 0.158138
0.920205 0.155581
0.91947 0.154681
0.918133 0.152919
0.917437 0.152178
0.915018 0.148813
0.912812 0.146146
0.91122 0.14406
0.909159 0.142013
0.90878 0.141529
0.907215 0.138942
0.905323 0.134975
0.904146 0.132069
0.903773 0.130316
0.903435 0.129304
0.902468 0.127009
0.90171 0.124534
0.900198 0.122634
0.899081 0.12192
0.89781 0.122532
0.896288 0.125524
0.895845 0.128193
0.89416 0.132752
0.893519 0.135131
0.89276 0.13957
0.89264 0.140054
0.892536 0.142141
0.892015 0.145883
0.891829 0.147473
0.89182 0.150413
0.891918 0.151059
0.892571 0.157151
0.893263 0.160806
0.893398 0.162431
0.894283 0.165687
0.895309 0.168306
0.895918 0.169731
0.896974 0.171391
0.897933 0.173312
0.891226 0.192117
0.889556 0.19292
0.871916 0.185008
0.871139 0.184311
0.869576 0.185251
0.868548 0.186043
0.852375 0.188427
0.850407 0.188863
0.849289 0.191017
0.848733 0.192626
0.824945 0.196698
0.823735 0.194988
0.822229 0.192268
0.821079 0.190621
0.819715 0.188812
0.817541 0.185469
0.816439 0.183979
0.815558 0.182746
0.813551 0.179851
0.812166 0.177756
0.811163 0.176309
0.810688 0.175677
0.80936 0.173669
0.808625 0.172515
0.807313 0.170531
0.806652 0.169205
0.805849 0.168272
0.80492 0.167037
0.803784 0.165045
0.802362 0.163009
0.801433 0.161805
0.800387 0.160281
0.799878 0.159654
0.7984 0.157447
0.797297 0.156154
0.795748 0.153778
0.795022 0.152856
0.793289 0.15044
0.791476 0.147896
0.7904 0.146732