535
0.630842 0.0233035
0.618965 0.0228059
0.607305 0.0233913
0.606183 0.022923
0.605014 0.0232309
0.593498 0.0237664
0.591345 0.0238531
0.589274 0.0248048
0.582448 0.0256265
0.579417 0.0251929
0.576322 0.0255669
0.57239 0.0268395
0.565868 0.0273891
0.562063 0.0278986
0.558383 0.0292385
0.553296 0.0302477
0.549144 0.0308168
0.545015 0.0322531
0.537356 0.0343994
0.53179 0.0363821
0.527353 0.0390639
0.522529 0.0410173
0.521724 0.0413132
0.499722 0.0412038
0.494034 0.036613
0.488273 0.0340298
0.487225 0.0339571
0.478748 0.0310617
0.474528 0.0303745
0.464321 0.0286726
0.459184 0.0279637
0.453532 0.0275289
0.441862 0.0269609
0.441609 0.0269067
0.429795 0.0270693
0.428886 0.026884
0.41818 0.0279712
0.416314 0.0275376
0.414402 0.0279073
0.405217 0.0291029
0.402391 0.0289403
0.39953 0.0296287
0.392455 0.0310856
0.388898 0.031078
0.385301 0.0319279
0.376325 0.0338845
0.372372 0.0347994
0.368372 0.036626
0.364852 0.0373273
0.360467 0.0383669
0.355032 0.040729
0.347141 0.0441794
0.340761 0.0495853
0.337624 0.0551452
0.337214 0.0578054
0.335879 0.0631994
0.335918 0.0648807
0.33601 0.0683821
0.335551 0.0735929
0.335708 0.0756894
0.335679 0.080652
0.335609 0.0844319
0.335831 0.087323
0.335861 0.0925772
0.335827 0.0956666
0.336038 0.0986021
0.336324 0.101017
0.33637 0.103496
0.336318 0.108249
0.336422 0.110775
0.336722 0.112956
0.337312 0.120214
0.337286 0.121984
0.338119 0.125855
0.338857 0.130588
0.34016 0.133901
0.342101 0.13808
0.342687 0.139344
0.347272 0.144496
0.353123 0.148845
0.362076 0.15312
0.368618 0.164416
0.364038 0.177112
0.359442 0.180365
0.3584 0.181378
0.358783 0.184356
0.353241 0.198722
0.351972 0.202991
0.352358 0.206085
0.34941 0.22157
0.348236 0.228332
0.349848 0.232041
0.349953 0.244872
0.347438 0.248991
0.346635 0.254031
0.348137 0.263401
0.346401 0.269976
0.346083 0.284048
0.345975 0.286557
0.34681 0.291284
0.345893 0.302034
0.326554 0.310108
0.318428 0.302949
0.313388 0.300218
0.305933 0.292187
0.302448 0.289796
0.28765 0.270541
0.289005 0.261434
0.293024 0.24495
0.294485 0.233229
0.288711 0.23307
0.284036 0.237527
0.259397 0.233382
0.255466 0.227947
0.250489 0.231451
0.231743 0.245695
0.226893 0.247745
0.228193 0.254431
0.233211 0.270363
0.227871 0.286405
0.217093 0.290059
0.211688 0.290403
0.204879 0.293429
0.204135 0.295671
0.203187 0.297609
0.212507 0.303663
0.2152 0.305092
0.227543 0.310118
0.23518 0.31285
0.241765 0.318662
0.24628 0.328612
0.247687 0.334267
0.25052 0.342332
0.25196 0.346277
0.255267 0.361315
0.258034 0.366802
0.258702 0.372346
0.263004 0.379883
0.263425 0.382092
0.27019 0.393904
0.276395 0.403367
0.280476 0.408252
0.282365 0.410553
0.286938 0.418766
0.294693 0.429234
0.298182 0.432565
0.309178 0.444521
0.309449 0.447105
0.310688 0.449818
0.319653 0.460261
0.327012 0.468161
0.328251 0.4699
0.33594 0.476601
0.33751 0.47918
0.343012 0.485398
0.34795 0.488448
0.353584 0.493588
0.356995 0.496967
0.363643 0.500457
0.367662 0.50686
0.370357 0.512975
0.376516 0.519319
0.380494 0.524862
0.38683 0.530338
0.379373 0.551942
0.375858 0.556593
0.363926 0.564699
0.362441 0.565157
0.359957 0.569447
0.350387 0.576211
0.349854 0.577256
0.340208 0.588488
0.338802 0.589009
0.328326 0.605353
0.325532 0.606382
0.325582 0.608577
0.317402 0.624779
0.313688 0.626204
0.31323 0.628683
0.307899 0.647574
0.303262 0.649694
0.284808 0.644264
0.271743 0.635972
0.270346 0.634872
0.25746 0.627797
0.245843 0.624193
0.24323 0.621562
0.237584 0.619736
0.235237 0.619532
0.225621 0.616757
0.222481 0.614445
0.213483 0.612976
0.210921 0.612779
0.200419 0.610035
0.193306 0.609823
0.175369 0.608095
0.159198 0.611483
0.154677 0.609547
0.151353 0.609668
0.134758 0.612754
0.133089 0.613505
0.119099 0.617268
0.118101 0.61729
0.10077 0.624095
0.0870016 0.631899
0.0829571 0.634635
0.073071 0.64153
0.0697723 0.644371
0.0603761 0.654071
0.0564682 0.656187
0.0486937 0.666072
0.0461506 0.670692
0.0413409 0.677685
0.0351165 0.688432
0.0322569 0.69704
0.0289496 0.704711
0.0272498 0.715266
0.0265496 0.71725
0.0244813 0.728005
0.0247468 0.730466
0.0248997 0.73916
0.0243902 0.749503
0.0252433 0.753218
0.0267458 0.76446
0.0275902 0.766115
0.0293636 0.774704
0.0332422 0.785772
0.0333387 0.786218
0.0391371 0.799644
0.0437409 0.808252
0.0468553 0.811551
0.052814 0.820129
0.0543978 0.823603
0.059149 0.82708
0.0623815 0.832776
0.0706807 0.841429
0.0758103 0.845589
0.0866807 0.854862
0.08902 0.856511
0.103479 0.865118
0.105077 0.867224
0.11494 0.87183
0.121963 0.874778
0.127133 0.878019
0.137363 0.881201
0.14948 0.88558
0.162028 0.887853
0.1732 0.890338
0.186472 0.891169
0.191493 0.891165
0.200828 0.892083
0.211704 0.891199
0.217716 0.890395
0.233685 0.888613
0.240918 0.885076
0.252511 0.88298
0.25325 0.883173
0.267483 0.877665
0.276234 0.873752
0.280978 0.870303
0.289218 0.866126
0.299525 0.857894
0.302601 0.856292
0.308505 0.847971
0.31461 0.844877
0.328192 0.848392
0.332331 0.85026
0.341318 0.862798
0.341359 0.864997
0.344933 0.867253
0.351616 0.875221
0.352993 0.877277
0.355152 0.878545
0.363079 0.88625
0.368875 0.88995
0.378879 0.898298
0.38648 0.902445
0.398336 0.910199
0.406843 0.913929
0.421583 0.920944
0.430921 0.924011
0.448977 0.929528
0.458807 0.93157
0.463259 0.927957
0.483391 0.935044
0.489643 0.934852
0.492452 0.929829
0.518413 0.934299
0.519702 0.934856
0.521195 0.930717
0.523044 0.928085
0.54951 0.928947
0.549871 0.929946
0.553455 0.922037
0.577292 0.921384
0.580512 0.912663
0.601128 0.910375
0.601333 0.90856
0.62135 0.897949
0.62152 0.895864
0.639191 0.884039
0.649897 0.873476
0.65114 0.873047
0.65957 0.861799
0.662383 0.860629
0.672981 0.845268
0.675033 0.843963
0.685358 0.826014
0.697511 0.826394
0.70461 0.834194
0.70625 0.837218
0.712949 0.844047
0.714656 0.845489
0.722693 0.853199
0.724354 0.853637
0.736301 0.862536
0.73684 0.863476
0.748072 0.870047
0.753832 0.873188
0.76817 0.879281
0.768893 0.880188
0.784668 0.885282
0.787739 0.886288
0.798747 0.88811
0.807976 0.890506
0.815781 0.891332
0.825974 0.892227
0.836317 0.891126
0.840568 0.892692
0.84578 0.891958
0.84819 0.891662
0.860159 0.891506
0.872814 0.888718
0.878155 0.887938
0.886546 0.886093
0.897054 0.882409
0.902744 0.880747
0.917056 0.87478
0.919521 0.872244
0.923667 0.868616
0.933731 0.865262
0.93476 0.864359
0.947551 0.855588
0.952434 0.851147
0.960451 0.844051
0.966542 0.837442
0.973298 0.829415
0.975594 0.825188
0.980018 0.819308
0.98523 0.810444
0.986732 0.807108
0.992382 0.794976
0.993797 0.789591
0.997854 0.775863
0.998538 0.764149
0.998769 0.763025
1.0 0.753677
0.998647 0.741688
0.998447 0.737193
0.997084 0.730224
0.994255 0.718472
0.992515 0.711294
0.98651 0.698145
0.984454 0.694242
0.977407 0.683359
0.97471 0.67844
0.966853 0.669335
0.961162 0.662777
0.957113 0.659078
0.949583 0.651605
0.935708 0.641913
0.924581 0.637081
0.921431 0.633229
0.91864 0.632558
0.907239 0.626536
0.897783 0.623357
0.888801 0.619969
0.877157 0.617503
0.866029 0.615178
0.859964 0.613906
0.852092 0.613908
0.849919 0.613485
0.837506 0.612094
0.825875 0.613617
0.824553 0.613165
0.813358 0.613516
0.807383 0.61518
0.800258 0.616217
0.789053 0.618139
0.788241 0.618986
0.76993 0.624416
0.768944 0.624724
0.754138 0.631546
0.749513 0.633522
0.736935 0.641048
0.733262 0.644076
0.72095 0.652403
0.698463 0.649384
0.693751 0.638995
0.68741 0.625669
0.682523 0.616527
0.675001 0.605706
0.670178 0.59779
0.661415 0.58817
0.657463 0.582358
0.649563 0.574765
0.648033 0.572546
0.64519 0.570829
0.636649 0.562663
0.632894 0.560172
0.624472 0.556151
0.618657 0.549256
0.614188 0.546966
0.608093 0.530442
0.620839 0.519968
0.622937 0.51914
0.632965 0.509538
0.642193 0.498487
0.647349 0.495012
0.651925 0.492682
0.654617 0.488908
0.659835 0.48491
0.662402 0.483591
0.667939 0.477477
0.670712 0.475112
0.677867 0.467628
0.683811 0.46012
0.690486 0.452631
0.693006 0.446635
0.699615 0.440295
0.701285 0.438027
0.706685 0.429848
0.710821 0.424599
0.716982 0.415316
0.721092 0.406859
0.724503 0.401571
0.72958 0.393422
0.732116 0.386946
0.735961 0.376367
0.739732 0.372532
0.741263 0.369729
0.743225 0.362404
0.746341 0.354758
0.747001 0.353208
0.749549 0.340536
0.748585 0.3378
0.747266 0.334033
0.749683 0.322613
0.751501 0.31734
0.751886 0.308304
0.753577 0.30432
0.760418 0.289931
0.766217 0.287419
0.769725 0.284854
0.770128 0.2826
0.770689 0.278621
0.765037 0.274187
0.762736 0.271995
0.757092 0.257236
0.754694 0.254449
0.75152 0.246869
0.747791 0.231937
0.745255 0.227416
0.741578 0.226448
0.725195 0.211832
0.722727 0.208782
0.72057 0.20983
0.718414 0.21236
0.69647 0.216371
0.695367 0.215608
0.692258 0.217653
0.691288 0.219298
0.69258 0.22572
0.697614 0.23437
0.699378 0.241183
0.702348 0.247838
0.703817 0.254949
0.700631 0.265804
0.69532 0.272249
0.693416 0.273873
0.666024 0.27512
0.665269 0.268676
0.664542 0.261724
0.665318 0.254704
0.665145 0.247514
0.66446 0.240561
0.66332 0.233858
0.663474 0.230433
0.663501 0.22284
0.662855 0.215805
0.661449 0.208989
0.660389 0.200367
0.65966 0.192817
0.65775 0.185934
0.656235 0.178822
0.654498 0.173145
0.651362 0.167397
0.64988 0.161744
0.656188 0.142003
0.661666 0.138716
0.664591 0.137495
0.666965 0.13611
0.673763 0.131205
0.674942 0.129517
0.677583 0.125271
0.67941 0.123047
0.681035 0.118148
0.681835 0.114611
0.682601 0.109344
0.682592 0.106843
0.683156 0.100033
0.682959 0.0955159
0.683045 0.0939051
0.683163 0.0865284
0.682912 0.083271
0.683015 0.0807409
0.682165 0.0739474
0.682603 0.0711019
0.682773 0.070342
0.682736 0.0688493
0.682734 0.0669046
0.68213 0.0594238
0.682313 0.0573154
0.68228 0.0567637
0.68127 0.050394
0.681202 0.0473891
0.67966 0.0416677
0.675937 0.0357783
0.670986 0.0319897
0.663221 0.0285338
0.655165 0.0267344
0.651466 0.025865
0.641486 0.0243203
0.636605 0.0240775
0.630842 0.0233035