137
0.178905 0.0150361
0.166653 0.0149387
0.151722 0.0185573
0.142007 0.0317252
0.128587 0.0571475
0.128256 0.0689659
0.127725 0.0887544
0.124695 0.114693
0.120959 0.134596
0.0480566 0.172172
0.0243902 0.166448
0.0264186 0.183579
0.034853 0.21006
0.0441941 0.245718
0.0555332 0.27288
0.0683414 0.302848
0.0790464 0.337095
0.0820456 0.368616
0.0794285 0.401097
0.075326 0.448337
0.0777012 0.492975
0.0928631 0.52232
0.114759 0.53922
0.136832 0.543515
0.155943 0.54166
0.194065 0.533876
0.247505 0.526693
0.283084 0.525346
0.313496 0.523489
0.329514 0.521587
0.358785 0.5186
0.388573 0.517428
0.418311 0.516694
0.461602 0.516307
0.508243 0.517311
0.575766 0.521515
0.607322 0.521687
0.630465 0.5207
0.638492 0.521751
0.658245 0.523554
0.694108 0.532068
0.71857 0.539898
0.743047 0.548368
0.762437 0.557386
0.786854 0.573595
0.793485 0.57852
0.815612 0.590834
0.820806 0.594917
0.829797 0.601011
0.838891 0.605653
0.846437 0.608013
0.856542 0.609336
0.870952 0.61153
0.872847 0.611625
0.880531 0.61168
0.890672 0.611988
0.915746 0.612486
0.909627 0.551064
0.913506 0.545593
0.92335 0.535195
0.942102 0.519887
0.946398 0.515469
0.961763 0.501709
0.976264 0.493198
0.984812 0.488858
0.991663 0.484438
0.99825 0.478513
1.0 0.469764
0.9966 0.45847
0.995572 0.455831
0.993061 0.450465
0.986298 0.441472
0.981254 0.436897
0.972587 0.434013
0.970251 0.43311
0.959893 0.432658
0.950636 0.433038
0.940104 0.434196
0.929909 0.433956
0.919569 0.431711
0.903357 0.429176
0.875909 0.423644
0.848928 0.420506
0.846891 0.420118
0.809206 0.395083
0.806741 0.393147
0.788784 0.371675
0.768043 0.343303
0.751899 0.318755
0.730971 0.288933
0.726059 0.281007
0.717218 0.265043
0.713561 0.249163
0.710243 0.231424
0.70325 0.220964
0.693886 0.212661
0.692563 0.211873
0.676427 0.203631
0.630978 0.163177
0.628814 0.149614
0.622217 0.124682
0.625969 0.101252
0.631893 0.0849763
0.637133 0.0733398
0.646828 0.0598656
0.657071 0.0415354
0.667646 0.0268464
0.645012 0.0198979
0.633895 0.0198004
0.620347 0.0234191
0.611531 0.0365868
0.599355 0.0620092
0.599054 0.0738277
0.598572 0.0936162
0.594383 0.119199
0.587879 0.142289
0.582553 0.159259
0.526335 0.209104
0.481408 0.198412
0.429169 0.185929
0.425204 0.183902
0.39015 0.180864
0.350389 0.18414
0.348847 0.184416
0.33612 0.189276
0.309313 0.193661
0.258336 0.159743
0.254255 0.156963
0.248318 0.152421
0.24128 0.154995
0.196511 0.151345
0.164447 0.0801145
0.170221 0.068478
0.180906 0.0550038
0.192194 0.0366737
0.203849 0.0219846
0.178905 0.0150361